0.000738185
0.001262315
0.000751023
0.001242961
0.000754191
0.001265014
0.000751338
0.001264926
0.00074631
0.001266698
0.000747351
0.000741707
0.001273959
0.000739389
0.001268971
0.001284729
0.000737625
0.001285347
0.000745672
0.001291321
0.001273256
0.000747264
0.001243073
0.000742394
0.001272965
0.000740586
0.001251909
0.000745987
0.001272081
0.000746674
0.001273008
0.000756399
0.001271471
0.000744617
0.001256734
0.000756081
0.001282713
0.000734999
0.001247022
0.000747199
0.001258873
0.000755508
0.001271269
0.000739355
0.001260694
0.000743048
0.000754612
0.00128845
0.000744731
0.001303536
0.001317291
0.00074738
0.001286288
0.000750954
0.00127726
0.000751758
0.00126704
0.00075219
0.001267616
0.000749734
0.000736764
0.001289308
0.000752942
0.001281096
0.000744992
0.001263359
0.000753607
0.001240813
0.000744823
0.001238654
0.001270244
0.00124472
0.00072987
0.001273951
0.000745414
0.001257365
0.000750656
0.001271161
0.000750407
0.000744031
0.001295444
0.00131284
0.00075708
0.001285902
0.000749695
0.001269204
0.000736456
0.001269098
0.000742286
0.000746436
0.001289142
0.000751689
0.001289107
0.000744323
0.001264989
0.000737027
0.001239264
0.000746264
0.001292728
0.000756133
0.000722721
0.000741155
0.001296378
0.001294725
0.000741502
0.001245706
0.000736929
0.001253104
0.000740212
0.001253413
0.001287485
0.000736604
0.001242335
0.000743228
0.001254024
0.000737534
0.000738041
0.001279661
0.000755092
0.001310558
0.000737575
0.001279564
0.001279492
0.000739075
0.001278845
0.000735781
0.001258179
0.000737343
0.001264329
0.000745703
0.000747651
0.000737891
0.001292801
0.000740448
0.001251158
0.000745998
0.001272224
0.000742824
0.001296659
0.001292403
0.000748236
0.001286731
0.000742228
0.001248912
0.00073184
0.001257856
0.000749335
0.001229367
0.00074059
0.00126966
0.001281711
0.001248371
0.00073391
0.001248974
0.000741857
0.001261422
0.000747795
0.001277668
0.000749663
0.000732646
0.000749157
0.001300447
0.001279823
0.000738053
0.001252366
0.000723824
0.001237174
0.000732727
0.000738816
0.001282643
0.000735777
0.000739563
0.001291494
0.00074363
0.001287026
0.000734172
0.001261149
0.000740218
0.00124676
0.001287779
0.001266222
0.000733957
0.001309876
0.00075119
0.001289504
0.000741743
0.00127646
0.000738693
0.001272527
0.000739683
0.001282629
0.000745124
0.00127404
0.000735161
0.001238951
0.000733819
0.001229729
0.000736323
0.001269029
0.000726896
0.000732535
0.001215725
0.000735132
0.001247362
0.001234303
0.000736427
0.000742967
0.000728929
0.001248069
0.001265028
0.001278235
0.000753246
0.001290062
0.000747875
0.00128842
0.000761425
0.001307068
0.000759182
0.001250371
0.000744744
0.001272167
0.001258259
0.000740088
0.000739589
0.000743676
0.001251075
0.000738777
0.001237772
0.000735688
0.001279644
0.001300619
0.00126239
0.000748336
0.001275149
0.000747169
0.001278929
0.000759481
0.001299704
0.000753136
0.000740123
0.000748739
0.000738781
0.001248042
0.000744869
0.001264
0.001238442
0.00074958
0.001273958
0.000737894
0.001294818
0.001299188
0.000737525
0.001224971
0.000740642
0.001301795
0.000739625
0.001295422
0.000731344
0.001291321
0.000743962
0.000743092
0.001269279
0.000750084
0.001263799
0.000745079
0.001273168
0.00074656
0.001233632
0.000734662
0.001268715
0.000743213
0.001251556
0.000751992
0.001253632
0.000747834
0.001293467
0.000744628
0.001273536
0.000755914
0.001278163
0.000740031
0.001269915
0.000747443
0.001265576
0.001275459
0.000747802
0.001293314
0.000756071
0.00127178
0.000750768
0.000731347
0.001234647
0.000731317
0.001248131
0.000740712
0.001224843
0.000748775
0.001287364
0.000745836
0.001270247
0.0007498
0.001289865
0.001260515
0.001282969
0.000750613
0.000749209
0.000749176
0.001242482
0.00074997
0.001257535
0.001300884
0.000755415
0.001277155
0.000745142
0.001256388
0.000749634
0.001257631
0.000740881
0.001262008
0.000748317
0.000744603
0.001285987
0.000748919
0.001288197
0.00073586
0.001273241
0.000744888
0.001280381
0.001236561
0.000742511
0.001234868
0.000741284
0.000741556
0.001280344
0.000753941
0.001265464
0.000739143
0.001279877
0.000749545
0.001330542
0.000730207
0.001236625
0.000730942
0.001270189
0.00074434
0.001297326
0.000749286
0.001281151
0.000752205
0.001275603
0.00073342
0.001260605
0.000741048
0.001261904
0.001299667
0.00075156
0.001313944
0.000742882
0.001289029
0.000735273
0.001310033
0.000745564
0.001303879
0.000745176
0.00131009
0.000753899
0.001282261
0.000743638
0.001269469
0.000740157
0.001261459
0.000737508
0.001239289
0.001286426
0.000749344
0.00127589
0.000740498
0.00128318
0.000736694
0.000737855
0.000736955
0.001250229
0.000747643
0.001272416
0.000739811
0.001261515
0.000749301
0.001281828
0.000753221
0.001310371
0.00075296
0.001282983
0.001327722
0.0012964
0.000749035
0.001247778
0.000747794
0.001273898
0.000741372
0.000735312
0.001267023
0.000740826
0.00124326
0.000743007
0.0012572
0.000749644
0.001271347
0.000755027
0.000740464
0.001273015
0.001262662
0.001272117
0.000740569
0.001301736
0.000742382
0.000745435
0.001253219
0.000730303
0.001244501
0.000732659
0.001284654
0.000742642
0.001255456
0.000739075
0.001274632
0.000743851
0.001261243
0.000762743
0.001271851
0.000756352
0.000741311
0.001229869
0.000742892
0.001248203
0.000741306
0.001273389
0.000748057
0.00124552
0.000744227
0.001281552
0.001251306
0.001290762
0.000722884
0.000736859
0.001276985
0.000746607
0.001247721
0.000737911
0.001288299
0.000735831
0.000739986
0.001281584
0.000746583
0.001256694
0.000744582
0.001275375
0.000751295
0.001284372
0.000735182
0.001252707
0.000739966
0.000741114
0.001222551
0.000734754
0.00125357
0.001265637
0.000739483
0.001272786
0.000760974
0.001293657
0.001300296
0.000748325
0.001284564
0.000755495
0.001295607
0.000737037
0.001263582
0.000732813
0.001253871
0.000752947
0.0012942
0.000743716
0.001287958
0.000756724
0.001287857
0.000759794
0.001287984
0.000760079
0.001248441
0.000748897
0.00127584
0.000750806
0.001248509
0.000734533
0.001266321
0.000743394
0.001275353
0.00076274
0.000748712
0.001279774
0.001283408
0.000741529
0.000745437
0.001287671
0.000750168
0.001275338
0.00074906
0.001261689
0.000743252
0.001259621
0.000735118
0.001246357
0.001268419
0.000741137
0.001267806
0.000740122
0.001267932
0.00074137
0.001286602
0.000738549
0.000742886
0.001262682
0.000736519
0.001284868
0.000745155
0.001255909
0.000744007
0.001269323
0.000730405
0.001264366
0.001295142
0.000747456
0.001251163
0.000745529
0.001279483
0.000759802
0.001287469
0.000753759
0.001287241
0.000756228
0.001263741
0.00073364
0.001226455
0.00074356
0.001268587
0.000739465
0.001270088
0.000750946
0.001273452
0.000741164
0.000731725
0.001222601
0.000745454
0.001264009
0.000743925
0.001277655
0.00074602
0.001297889
0.000744357
0.001270361
0.000745437
0.001246821
0.000740077
0.00124973
0.000753339
0.001309974
0.000754641
0.001294376
0.000748874
0.001290741
0.001295828
0.000740491
0.001267473
0.00073782
0.001260026
0.000748616
0.001243357
0.00073098
0.001235071
0.000737051
0.000746568
0.000747928
0.001275532
0.000752548
0.001273061
0.000746529
0.001288629
0.000757984
0.001272863
0.001295165
0.00129742
0.000738203
0.001290254
0.000730625
0.00126456
0.000749365
0.001256921
0.000738105
0.001283639
0.000739969
0.000737675
0.001248464
0.000746008
0.001284672
0.000751548
0.00126582
0.000740403
0.001263969
0.000740989
0.001254672
0.000731951
0.001257996
0.001270839
0.000744892
0.00128838
0.000737681
0.001267393
0.000741821
0.001274765
0.000726481
0.000743859
0.001296071
0.00126522
0.000747856
0.001303961
0.000739962
0.001274892
0.000754072
0.001289335
0.000756075
0.001323311
0.000760704
0.001255985
0.000753825
0.001273527
0.000747568
0.00124904
0.000742043
0.001281024
0.000742259
0.000739572
0.001277944
0.000744477
0.001289591
0.000747504
0.001307673
0.000741098
0.001285521
0.00074799
0.001273521
0.001241418
0.001268806
0.000744098
0.000737523
0.0012375
0.001252449
0.000748388
0.001239163
0.000740026
0.000752972
0.001263852
0.000730501
0.001255514
0.000747734
0.001254168
0.000734962
0.001273938
0.000731809
0.000740269
0.00130015
0.000749666
0.000743644
0.001256314
0.000751559
0.001258218
0.000761622
0.001281539
0.000754954
0.001294148
0.001260008
0.001295371
0.001254248
0.000745334
0.00074266
0.001287702
0.000731904
0.001277215
0.000736542
0.001289882
0.000740966
0.001312945
0.000760129
0.001303883
0.000749943
0.001277589
0.000752122
0.001270882
0.000748148
0.001254173
0.000751356
0.000734669
0.001261847
0.000738273
0.001266685
0.000744631
0.001254678
0.000746503
0.00126659
0.000738564
0.001267262
0.000730091
0.001242028
0.000732684
0.001257436
0.000753188
0.001274109
0.000751562
0.001272286
0.001235742
0.000735035
0.001261368
0.000756763
0.001267611
0.00075266
0.0012679
0.000746734
0.001257156
0.000735948
0.0007319
0.001284168
0.001284279
0.00075995
0.001274114
0.000755065
0.00126773
0.000757375
0.001294777
0.000745604
0.00125829
0.000753738
0.001283412
0.000763201
0.001306975
0.000748654
0.001289227
0.000743587
0.001276804
0.000744209
0.000739146
0.001253315
0.000752633
0.000732285
0.001269441
0.000747899
0.001256189
0.000753416
0.001246423
0.00074103
0.001257911
0.001302107
0.000742717
0.001266272
0.000747831
0.001282296
0.000742862
0.00130869
0.000750582
0.00127575
0.001237525
0.00072609
0.000732875
0.001266755
0.001227483
0.000741628
0.001243513
0.000757881
0.001263798
0.000736646
0.0012685
0.00074271
0.000742382
0.001260323
0.000745984
0.001266438
0.00073684
0.001266226
0.000740227
0.001289579
0.0007579
0.001298921
0.000724932
0.001275048
0.000744797
0.001251641
0.000747003
0.001243549
0.000731779
0.001263885
0.000726447
0.001257742
0.000762001
0.00126961
0.001284164
0.000753271
0.001288919
0.00073625
0.001220886
0.000733633
0.001222415
0.000723845
0.000739201
0.001283304
0.00073351
0.001257086
0.000739513
0.00121865
0.000747843
0.001261937
0.000747766
0.001286543
0.001305456
0.001306687
0.00075189
0.001302284
0.000733659
0.001274003
0.000747019
0.001262343
0.000731942
0.000728063
0.001288199
0.000754063
0.001294297
0.000759635
0.000734272
0.001291688
0.000746715
0.001265907
0.00074496
0.001251701
0.001254592
0.00074829
0.000755586
0.001265227
0.000745502
0.00125688
0.000738052
0.001289879
0.00074907
0.001300899
0.000732231
0.001233064
0.000728719
0.001250498
0.000754666
0.001263024
0.000741848
0.001255943
0.000753156
0.001275068
0.000746293
0.001297708
0.000744097
0.001259312
0.000755066
0.001301275
0.000751732
0.001263483
0.000748172
0.001285021
0.001285495
0.00073873
0.001277345
0.000730175
0.0012916
0.000730634
0.001243338
0.000728924
0.001259509
0.00073764
0.000744011
0.001282253
0.000743277
0.001258437
0.000734833
0.001272223
0.00074517
0.001269235
0.000744807
0.001224988
0.000745508
0.001246478
0.00074745
0.001283932
0.000751888
0.001285895
0.00074126
0.001277554
0.000746964
0.001302006
0.000738685
0.001266938
0.00074766
0.001275604
0.000742501
0.00129385
0.000767844
0.001280254
0.000743973
0.001290797
0.000738617
0.000731375
0.001244707
0.000729929
0.001246987
0.000731526
0.001269489
0.000745643
0.001266484
0.001278307
0.000733859
0.001283754
0.000736681
0.00125613
0.000731529
0.001280563
0.000740024
0.001255335
0.000726304
0.001276089
0.000731894
0.00074142
0.001259823
0.000750811
0.001261819
0.000740646
0.001287348
0.000759083
0.001295451
0.001223968
0.000746271
0.00075741
0.001284989
0.000745276
0.001260427
0.000745951
0.001279685
0.000757094
0.001300078
0.001300238
0.000744736
0.001223737
0.000744349
0.001276611
0.00073753
0.00128834
0.000744895
0.001279431
0.000747216
0.001276775
0.000746538
0.001273397
0.001236997
0.000744573
0.001242746
0.000740499
0.001261258
0.000745932
0.001280258
0.000737235
0.001300365
0.000746216
0.001291553
0.000744864
0.001267045
0.000742851
0.001276377
0.00074212
0.001279777
0.000738394
0.001293601
0.000742931
0.001289607
0.000739471
0.001279596
0.000752011
0.001257464
0.000743237
0.001244392
0.000743339
0.000743126
0.00126287
0.001287165
0.000735088
0.001219321
0.000739242
0.001264077
0.000754945
0.00126069
0.000752053