0.001014702
0.001014512
0.00100329
0.001016759
0.001017916
0.001002694
0.001013632
0.001010995
0.00101761
0.001012187
0.001009417
0.001014929
0.001007741
0.001011286
0.00100293
0.000999582
0.001003016
0.00101757
0.00100263
0.00101554
0.001015647
0.001003079
0.001011936
0.00101773
0.001017021
0.001013199
0.001009351
0.000997212
0.001003936
0.000996746
0.001020404
0.001007004
0.001002486
0.00100215
0.001001034
0.001016128
0.001004329
0.001007082
0.001002393
0.001004044
0.001010773
0.001004765
0.00100359
0.001011027
0.001006093
0.001010351
0.001012175
0.001009286
0.001009012
0.000998757
0.001006209
0.001004146
0.000995862
0.001000083
0.000999668
0.001014993
0.001008249
0.001011316
0.001008811
0.001015674
0.001003789
0.001012726
0.000998311
0.000999234
0.00100976
0.001004828
0.000996325
0.001003461
0.001003698
0.00100863
0.00101241
0.000997463
0.001006001
0.001002249
0.001006877
0.001001527
0.001009789
0.000988753
0.00101276
0.001003713
0.001016461
0.001006432
0.000999903
0.001014611
0.001003303
0.001002538
0.001018256
0.001011929
0.001010293
0.001012736
0.000998492
0.001010472
0.001001097
0.001007126
0.00100177
0.001013722
0.001003796
0.00101061
0.001008202
0.001005108
