0.000816551
0.000762798
0.000541077
0.000926717
0.000507248
0.000661651
0.000498654
0.000525763
0.000503589
0.000513094
0.00060908
0.000537455
0.000538982
0.001073473
0.000616196
0.00076359
0.000568882
0.000617921
0.000561314
0.000596776
0.000661043
0.000502353
0.000588275
0.000543773
0.000564163
0.000525641
0.001066935
0.000499475
0.000799456
0.000568582
0.000891283
0.000867273
0.000587509
0.000580129
0.000518996
0.000655719
0.000529239
0.000532169
0.000702102
0.000541646
0.000590909
0.000522478
0.000588036
0.000620626
0.000762534
0.000506443
0.001048078
0.000643246
0.000580985
0.00054953
0.000511182
0.000664481
0.000518718
0.000815007
0.000511479
0.000545438
0.000504442
0.000765971
0.000523685
0.000934514
0.000589526
0.000542034
0.001070284
0.000539949
0.000647594
0.000586523
0.000573317
0.000505957
0.000768911
0.000541421
0.000502467
0.000561047
0.000512037
0.000588328
0.000499887
0.000848899
0.000500656
0.000848349
0.000857271
0.000519833
0.000939865
0.000501031
0.000509534
0.000753368
0.000604282
0.000715612
0.000503048
0.000582862
0.000608271
0.000577687
0.000826822
0.000573522
0.00058774
0.000517665
0.000780103
0.000497942
0.000923567
0.000516609
0.000532359
0.000536005
0.000502601
0.00102198
0.000833899
0.000511266
0.000553937
0.000513561
0.000586238
0.000517641
0.000704888
0.000501635
0.000796535
0.000504177
0.000741089
0.000542651
0.000680255
0.000506084
0.000848888
0.00057018
0.000557125
0.000502077
0.000525472
0.000511984
0.000506131
0.000594802
0.000507006
0.00078825
0.000516752
0.00105019
0.000559985
0.000732767
0.000517321
0.000665193
0.000520376
0.000823699
0.000513928
0.000954296
0.000505349
0.000690349
0.000575869
0.000525426
0.000624598
0.000794714
0.000593324
0.000768694
0.000580121
0.000515956
0.000551252
0.000551771
0.000794401
0.000652171
0.000501141
0.000546176
0.000576024
0.000759422
0.000620708
0.000989202
0.000560709
0.000640541
0.000504464
0.000651214
0.001064639
0.000629251
0.000534684
0.000592498
0.000644208
0.000587771
0.000595415
0.000547236
0.000632905
0.000645589
0.000878171
0.000520341
0.000550375
0.000541865
0.000727625
0.000541327
0.001004059
0.000510914
0.000499719
0.000563974
0.000523673
0.000507999
0.000616356
0.000576013
0.000858316
0.0005246
0.001026087
0.000513328
0.000634198
0.000564698
0.001034021
0.000522393
0.00056296
0.000651841
0.000600977
0.000725525
0.00058822
0.000526999
0.000629831
0.000631347
0.000668355
0.000564351
0.000611223
0.000772053
0.000504628
0.000555456
0.000514953
0.00067741
0.000502805
0.00092968
0.000578886
0.000713266
0.000519785
0.000588276
0.000540079
0.000786817
0.000656683
0.000949027
0.000551088
0.000527954
0.000592831
0.000536985
0.000505036
0.000909785
0.00058733
0.000626251
0.000646125
0.00063395
0.000819621
0.000524856
0.000538013
0.000603464
0.000655063
0.000586946
0.000609625
0.000507417
0.000850061
0.000515669
0.00099032
0.000516237
0.000655454
0.000531206
0.000506158
0.000540954
0.000500924
0.000928232
0.000519959
0.000946453
0.00049913
0.000634977
0.000780293
0.000505167
0.00053529
0.000503378
0.000671581
0.000501596
0.001033051
0.000518488
0.000694903
0.000499457
0.000598847
0.000592459
0.000585222
0.000939032
0.000518829
0.000557133
0.000540172
0.000629211
0.000531624
0.000923399
0.000506116
0.000499662
0.000874047
0.000500483
0.000595511
0.000616422
0.000693021
0.000572244
0.00080508
0.00060835
0.000975037
0.000509023
0.00054322
0.00052701
0.000598702
0.000794985
0.00050324
0.000613196
0.000503964
0.000702356
0.000777523
0.00059605
0.000501631
0.000754224
0.000509203
0.000841781
0.000591187
0.000610145
0.000499431
0.000589554
0.000527107
0.000614852
0.000584271
0.000524258
0.000501814
0.0009806
0.000519319
0.000765637
0.000517821
0.000790322
0.000514093
0.000498419
0.000674839
0.00050357
0.000992643
0.000512733
0.00053291
0.000545061
0.000838744
0.000675034
0.000499065
0.000592951
0.000594479
0.000617124
0.000925933
0.000534004
0.000597092
0.000532167
0.000584474
0.000906146
0.000555607
0.000545971
0.00054428
0.00075437
0.000596692
0.000663557
0.000596424
0.001084819
0.000521566
0.000569654
0.000530558
0.00057456
0.000604854
0.000507598
0.00098921
0.000506672
0.000588637
0.000748302
0.000748031
0.00050178
0.000551168
0.000581467
0.000794396
0.000523722
0.000540493
0.000517776
0.000773876
0.000644018
0.000837697
0.000631006
0.000550407
0.000689789
0.000525124
0.000520398
0.000883149
0.000544436
0.001027611
0.00051579
0.000573595
0.000527236
0.000718226
0.000602154
0.000971583
0.000512585
0.000618092
0.000499889
0.000550952
0.000560846
0.00050083
0.000723217
0.000887093
0.00051027
0.000771846
0.000549858
0.000537779
0.000911169
0.000500954
0.000599221
0.000505113
0.00051203
0.000601421
0.000525796
0.000544892
0.000783809
0.000566261
0.000685745
0.000589624
0.001087331
0.000526306
0.000514394
0.000528342
0.000534102
0.000656141
0.000502728
0.000996631
0.000567925
0.000654319
0.00058486
0.000724968
0.000602928
0.000586305
0.000570597
0.000747276
0.000610038
0.000664968
0.000518958
0.000558158
0.000535965
0.001039237
0.000562519
0.000572122
0.000591219
0.000962048
0.00050279
0.00070418
0.000525323
0.000615812
0.000607691
0.000685519
0.000575715
0.000508615
0.000517654
0.000653743
0.000500113
0.000954669
0.00058493
0.000893262
0.000507529
0.000595776
0.000571114
0.001014192
0.000505371
0.000806277
0.000506023
0.000608723
0.000521908
0.000691891
0.000525432
0.000533428
0.000581128
0.000566196
0.00072575
0.000518277
0.001061302
0.000520521
0.000529053
0.000502235
0.000580533
0.000529583
0.000767104
0.000504476
0.000641224
0.000507361
0.000620008
0.000518388
0.000594008
0.000549384
0.000884765
0.000617494
0.000855824
0.000589963
0.000992644
0.000520019
0.000573427
0.000574914
0.00089527
0.000568944
0.000641561
0.000500793
0.000518871
0.000526424
0.000933986
0.000636929
0.000631896
0.000897691
0.000503235
0.000551301
0.000552617
0.000592998
0.000529574
0.000988212
0.000667169
0.000508768
0.00062639
0.000540554
0.000892553
0.000502417
0.000526239
0.000518285
0.000528203
0.000822367
0.000559531
0.000958985
0.000501696
0.000536407
0.000536739
0.000594992
0.000507221
0.000759836
0.000511982
0.000651195
0.000504665
0.000812202
0.00050605
0.000958157
0.000587069
0.000708923
0.000516254
0.000526448
0.000524734
0.000575352
0.000501555
0.000895775
0.000514427
0.000867118
0.00053835
0.000621535
0.000517975
0.00059054
0.000677427
0.000504902
0.000673683
0.000583135
0.000891575
0.000499255
0.000593766
0.000502103
0.000838459
0.000520869
0.000649451
0.000649187
0.000508043
0.000951625
0.000533747
0.000537426
0.000558844
0.000621111
0.000862364
0.0005912
0.00060845
0.000503122
0.001097478
0.000526831
0.000651513
0.000569114
0.000815855
0.000508226
0.000614158
0.000534746
0.000527974
0.000606566
0.000504853
0.000952146
0.000509997
0.000543947
0.000513848
0.000904376
0.000518118
0.00067056
0.000561112
0.000519884
0.00068774
0.000512604
0.000600551
0.000611404
0.000699436
0.000560006
0.000955577
0.00049896
0.000664988
0.00051307
0.000569321
0.000530479
0.000624041
0.000861119
0.000532878
0.000714742
0.000536054
0.000529576
0.000978307
0.000702356
0.000509679
0.000501323
0.000970092
0.000506994
0.000820372
0.000522958
0.000597391
0.000499004
0.000612539
0.000532557
0.000986602
0.000499731
0.000690103
0.000615363
0.000528664
0.000505329
0.00077967
0.000585419
0.000595869
0.000522388
0.000827434
0.000524522
0.000536333
0.000660867
0.000519123
0.000678956
0.000534171
0.001005247
0.000504356
0.000580328
0.000584258
0.000597899
0.000921795
0.000576779
0.000738851
0.000778837
0.000534106
0.000551583
0.000515969
0.000602827
0.000512532
0.000558965
0.000555754
0.000503974
0.000988471
0.00057386
0.000674152
0.000577038
0.000813553
0.000619943
0.000511459
0.000940301
0.000626446
0.000790436
0.000521786
0.000564216
0.00050177
0.000658536
0.000625795
0.000688493
0.000501349
0.000682373
0.000558392
0.000594181
0.000554191
0.001036712
0.00050291
0.000670092
0.000504835
0.000521603
0.000543897
0.000573215
0.000560219
0.0005647
0.000572341
0.000668414
0.000580675
0.0007585
0.001101907
0.000759073
0.000590341
0.00054726
0.000630096
0.00066038
0.000669542
0.000791439
0.000519198
0.000687359
0.000639305
0.000763753
0.000816191
0.000524553
0.000662666
0.000530787
0.000792764
0.000572125
0.000584217
0.000542223
0.000503978
0.000508956
0.000499681
0.000694472
0.00054005
0.000797093
0.000502647
0.000696999
0.000519969
0.000977301
0.000523494
0.000507029
0.000815389
0.000550179
0.000904128
0.000535001
0.00054651
0.000511816
0.000791776
0.000598413
0.000569919
0.000502614
0.000937727
0.000528873
0.000734306
0.000629793
0.000617493
0.000626248
0.000707912
0.000535757
0.000561032
0.000808645
0.000504636
0.000519805
0.000968486
0.000511855
0.000536293
0.00051569
0.000769242
0.000581485
0.000595731
0.000527577
0.00061718
0.000669189
0.000517295
0.000865218
0.000585103
0.000584186
0.000943033
0.000506727
0.000537573
0.000658267
0.00070557
0.000526891
0.000750319
0.000508686
0.000539446
0.000516357
0.001072957
0.000551617
0.000505047
0.00064588
0.000569661
0.000535464
0.000853037
0.000506387
0.000591208
0.000503651
0.001003017
0.000562589
0.000511759
0.00051394
0.000887034
0.000508039
0.000542022
0.000523906
0.000586717
0.000568337
0.000979043
0.000536214
0.000673228
0.000548554
0.000867511
0.000521605
0.000597342
0.000558417
0.000504741
0.000955156
0.000509905
0.000648412
0.000604901
0.000652148
0.000520665
0.000546637
0.000498927
0.000872494
0.00050162
0.000746492
0.00050051
0.00087603
0.000522073
0.000631814
0.000554458
0.001020351
0.00054996
0.000532731
0.000578178
0.000894347
0.000560512
0.000583789
0.000534066
0.00077985
0.000555834
0.000694246
0.000580268
0.000606218
0.000511595
0.000566233
0.000543158
0.001022239
0.000505896
0.00072001
0.000520276
0.000784778
0.000638826
0.000974341
0.000504597
0.000577027
0.000562424
0.000552455
0.000552613
0.000562704
0.000733526
0.000519638
0.000501123
0.000614278
0.000586028
0.000974364
0.000654161
0.000665071
0.000569875
0.000513464
0.000700417
0.000600981
0.000896073
0.000518121
0.000592559
0.000544201
0.000522039
0.000805381
0.000661643
0.000503597
0.000532701
0.000808739
0.000502697
0.000588105
0.000988182
0.000510505
0.00074749
0.000564454
0.000566145
0.000734084
0.000525282
0.000511578
0.000628607
0.000509506
0.000823847
0.000548804
0.000506502
0.000504923
0.000959091
0.000607858
0.000549361
0.00070901
0.000589721
0.000806764
0.000644618
0.000578952
0.000520077
0.000883185
0.000516471
0.000532609
0.000574537
0.000682952
0.00058156
0.000871458
0.000507541
0.000763013
0.000529755
0.00074478
0.000599152
0.000906872
0.000518721
0.000542124
0.000533263
0.000742365
0.000500049
0.000670348
0.000512171
0.00081992
0.000539121
0.000675311
0.000539696
0.001090807
0.000547292
0.000822323
0.000563258
0.000508725
0.000525661
0.000508255
0.000580397
0.000535639
0.000538563
0.000591569
0.00109561
0.000525387
0.000694282
0.000558444
0.000719039
0.000508794
0.000624319
0.001034592
0.000542228
0.000759739
0.000560664
0.000550908
0.000510999
0.000574205
0.000507171
0.000696615
0.000611569
0.000570791
0.00059944
0.000501725
0.000575557
0.000535925
0.000614922
0.000574663
0.001026437
0.000508861
0.000831698
0.001035034
0.000506411
0.000632184
0.00060668
0.000649355
0.000569416
0.000541388
0.000595626
0.000725117
0.000506824
0.000825103
0.000588984
0.000763048
0.000567579
0.000527405
0.000508443
0.000605419
0.000692858
0.000765252
0.00063246
0.000993241
0.000559337
0.000545924
0.000928418
0.000552521
0.000545819
0.000669161
0.00050371
0.000549127
0.000517587
0.000686413
0.000608867
0.000771208
0.00054267
0.000587982
0.000560528
0.000523341
0.0005667
0.001045245
0.000531967
0.000897495
0.000517271
0.00097645
0.000563905
0.000547685
0.000536919
0.000564165
0.000558851
0.000665832
0.000594235
0.000747549
0.000581366
0.000505502
0.000833822
0.000541191
0.000540927
0.000988512
0.00053063
0.000529452
0.000545087
0.000506765
0.000980752
0.000505263
0.000545762
0.000557043
0.000595472
0.000526663
0.000866372
0.0005208
0.000704485
