3.54899985
3.65466389
3.574097092
3.626656152
3.625133892
3.563969002
3.593711656
3.541822742
3.569263237
3.569203697
3.533432527
3.528831422
3.558597025
3.561976164
3.633396879
3.590334404
3.658463582
3.583338584
3.585289047
3.652834857
3.566403051
3.616222228
3.612942235
3.616837373
3.541383956
3.538172298
3.62581551
3.552726262
3.545535622
3.547803981
3.581269571
3.569725974
3.612974932
3.634137445
3.57670066
3.609489288
3.595553259
3.546199756
3.567119598
3.628519524
3.592900938
3.612496753
3.574723182
3.555976295
3.560221269
3.575474874
3.564033167
3.612257407
3.595330019
3.556693669
3.563105879
3.577587942
3.573912223
3.541057643
3.626314814
3.590489766
3.555007784
3.565457383
3.626181751
3.542800821
3.584042854
3.567865693
3.600154867
3.597964579
3.605207477
3.560383627
3.633758009
3.666934185
3.569622738
3.550423796
3.574943955
3.608586092
3.579728011
3.606590741
3.586880295
3.553939663
3.575638649
3.57412848
3.530740495
3.635524076
3.589504246
3.614936313
3.598008506
3.584056732
3.567493251
3.537377526
3.613150681
3.608581748
3.554672112
3.602456383
3.623149471
3.593866469
3.584302563
3.604118472
3.665807592
3.593284413
3.638144666
3.623606001
3.588879789
3.570952872