0.000625961
0.000648542
0.000632161
0.00064084
0.000641802
0.000630144
0.0006368
0.000623988
0.000630021
0.000629622
0.00062512
0.00062487
0.000629624
0.00062938
0.000642844
0.000635023
0.000647505
0.000633894
0.000634817
0.000647614
0.000630281
0.000641482
0.000638258
0.000637497
0.000626697
0.000625019
0.000642202
0.000627313
0.00062738
0.000626857
0.000632942
0.000629186
0.000638546
0.000643458
0.000630383
0.000639677
0.000635847
0.000626048
0.000628426
0.000642873
0.000635091
0.000639657
0.000634251
0.000628864
0.000629473
0.000630697
0.000629405
0.000638168
0.000635827
0.000630242
0.000629165
0.00062971
0.000630181
0.000625903
0.000642376
0.000635511
0.000628781
0.000631075
0.000639466
0.000624651
0.000632074
0.000631448
0.000638189
0.000636326
0.000636272
0.000629133
0.000644786
0.000649463
0.000629662
0.000626462
0.000633205
0.00063849
0.000631439
0.000635354
0.000633792
0.00062833
0.000631829
0.000631523
0.000623859
0.000644538
0.000636574
0.000639141
0.000638084
0.000635257
0.000631696
0.000625652
0.00064035
0.000638736
0.000628541
0.000636233
0.000639375
0.000635325
0.000634403
0.00063681
0.000647975
0.000636697
0.000642977
0.000642495
0.000634577
0.000631555
