18759.29712
18718.53313
18750.63833
18754.32273
18740.394
18749.38056
18684.1124
18778.38802
18809.25545
18742.24175
18695.05783
18714.63762
18732.23075
18741.03177
18701.20332
18723.76085
18769.40812
18721.07643
18719.58312
18706.67659
18741.85731
18750.38722
18755.11717
18778.14802
18699.85445
18714.17095
18736.78515
18709.84656
18735.32294
18737.3107
18728.37635
18807.46547
18772.57586
18744.16618
18740.74066
18721.73976
18767.99702
18726.2886
18807.98769
18732.56742
18740.26066
18679.80245
18678.0558
18747.58503
18774.12362
18770.48255
18746.16726
18758.0038
18767.48369
18730.283
18771.04699
18837.66958
18774.92583
18739.0329
18732.89186
18741.70731
18704.90217
18716.91315
18832.06853
18725.27861
18774.02251
18749.19834
18734.90406
18721.76309
18816.25982
18734.63517
18743.25285
18783.92129
18748.27835
18737.1107
18764.29706
18749.83834
18767.19259
18789.97011
18775.55694
18715.91427
18736.05515
18754.1594
18730.13744
18715.97649
18729.01412
18734.99072
18714.22984
18684.28795
18716.71537
18696.77559
18727.46747
18705.13105
18745.40838
18750.275
18803.19219
18727.00303
18711.03766
18775.44138
18776.2536
18692.92008
18776.48471
18759.31156
18743.48174
18774.53917