0.001274958
0.00128587
0.001298052
0.00129933
0.001292842
0.001339709
0.00133453
0.001337963
0.001332844
0.001329327
0.001319876
0.001290661
0.001318305
0.001344545
0.001336007
0.001324342
0.001333865
0.001315768
0.001338811
0.001349249
0.00129461
0.001322597
0.001324084
0.001333591
0.001320821
0.001308391
0.001323029
0.001327433
0.001331908
0.001382813
0.001296835
0.001322724
0.001285854
0.001317705
0.001353453
0.001322653
0.001313615
0.001349808
0.001337801
0.001362816
0.001339975
0.001289366
0.001314035
0.001333764
0.001318486
0.00132768
0.001335886
0.001312667
0.001348089
0.001336613
0.001307423
0.001294771
0.001319609
0.001305337
0.001306792
0.001342688
0.001361974
0.001307958
0.00138104
0.001316035
0.001300989
0.001309222
0.001333915
0.001277189
0.001338318
0.001345914
0.001328284
0.001315091
0.001315071
0.001355286
0.00130501
0.001313996
0.001310479
0.001352222
0.001315029
0.001337463
0.001335129
0.001333872
0.001327978
0.00135873
0.001300409
0.001281832
0.001321891
0.001312859
0.001315172
0.001318159
0.001359101
0.001323128
0.001320069
0.001332053
0.001308669
0.001334171
0.001323991
0.001332846
0.001332077
0.001324899
0.001378017
0.001351782
0.001336942
0.001372452
0.001310015
0.001322703
0.001331746
0.00129159
0.001306366
0.001375326
0.001304063
0.001324653
0.001340331
0.001333979
0.001312061
0.001306305
0.001342471
0.001314376
0.001319706
0.001322623
0.001335356
0.001341874
0.001368186
0.001310937
0.001310448
0.001312601
0.001301234
0.001280393
0.001326245
0.001368832
0.001317442
0.001313741
0.001392158
0.001340076
0.001330552
0.001370887
0.001320609
0.001325739
0.001317267
0.001341113
0.00135614
0.00131911
0.001355266
0.001382374
0.001332082
0.001277779
0.001317005
0.001348759
0.001347031
0.001346017
0.001323393
0.001329696
0.001343549
0.001347862
0.001322128
0.001316361
0.001364416
0.001318366
0.001322098
0.001355977
0.001337439
0.001347559
0.001353327
0.0013395
0.001299307
0.001320677
0.001317021
0.001354382
0.00135265
0.001348071
0.001328793
0.001321043
0.001365126
0.001327343
0.001316513
0.001297384
0.001349153
0.001313034
0.001320714
0.001326504
0.001314872
0.001366372
0.001331328
0.001324114
0.001326356
0.001349623
0.001352376
0.001365259
0.001337668
0.001366851
0.001343057
0.001378342
0.001350398
0.001370568
0.001327475
0.001281845
0.001364739
0.001334694
0.001297325
0.001315638
0.001347071
0.001317118
0.00134184
0.001355729
0.001334328
0.001309874
0.001349253
0.001325455
0.001310641
0.001314673
0.001308386
0.001388545
0.001329548
0.001390958
0.001331637
0.001339455
0.00134377
0.001311849
0.001360881
0.001313679
0.001335912
0.001306868
0.001336606
0.001345529
0.001314053
0.001351545
0.001342909
0.001329785
0.001338965
0.00129637
0.001339096
0.001318883
0.001315517
0.001348
0.00130347
0.001334666
0.001361294
0.001338346
0.001356855
0.001342822
0.001320569
0.001344372
0.00136662
0.001317915
0.001300441
0.00132901
0.001311362
0.001327331
0.001324682
0.001334068
0.001315375
0.001343733
0.001307352
0.001356274
0.00132337
0.0013266
0.001300263
0.001302471
0.001323095
0.001351198
0.001319828
0.001353221
0.001367133
0.001327554
0.001334878
0.001287257
0.001268858
0.00135612
0.001352071
0.001345071
0.001356123
0.001341467
0.001341509
0.001351934
0.001322931
0.001342034
0.0013561
0.001338202
0.00131749
0.001350127
0.00131653
0.001317032
0.001334964
0.001381823
0.001292585
0.001321016
0.001284243
0.001292944
0.001342507
0.001337688
0.001329137
0.001343657
0.001358764
0.001357829
0.001296944
0.001295925
0.001299936
0.00133223
0.001336316
0.001337576
0.00134961
0.001342689
0.001372103
0.001329241
0.001318812
0.001331833
0.001294406
0.001336639
0.00132332
0.001324451
0.001334352
0.001338189
0.00133926
0.001330417
0.00129993
0.001356938
0.001311114
0.001326857
0.001329834
0.001330187
0.001368061
0.001316385
0.001334331
0.00134431
0.001305815
0.001307577
0.001314142
0.001305151
0.001333899
0.001329599
0.001341996
0.001334846
0.001343807
0.001326839
0.001319663
0.001322438
0.001349865
0.00134181
0.00133697
0.001322925
0.001387057
0.001357957
0.00139279
0.001338478
0.00130705
0.001294769
0.001274004
0.001303541
0.001313543
0.00129528
0.001316215
0.001307096
0.001309953
0.001349347
0.001312673
0.001321919
0.001304045
0.001345879
0.001313757
0.00130828
0.001369863
0.001293535
0.001346968
0.001362485
0.001317703
0.001322291
0.001305506
0.001334404
0.00131036
0.001317411
0.001318936
0.001334504
0.00132874
0.001344397
0.001297667
0.001305807
0.001308037
0.001304724
0.00130189
0.001312392
0.001328857
0.001302956
0.001311989
0.001346655
0.001302338
0.00131967
0.001321233
0.001323705
0.001320241
0.001296677
0.001322578
0.001335647
0.001353803
0.001334967
0.001258669
0.001302295
0.00127445
0.001319626
0.001330096
0.001325473
0.00131784
0.001319316
0.00133054
0.001345264
0.001314026
0.001306744
0.001341058
0.001329822
0.001321611
0.001342122
0.001326724
0.0013462
0.001372001
0.001347006
0.001306409
0.001342652
0.001305987
0.001302798
0.00134019
0.001349208
0.001327357
0.00133392
0.001357178
0.00137663
0.001318534
0.001332915
0.001335256
0.001314694
0.001314277
0.001308074
0.001341463
0.001307543
0.001354539
0.001364044
0.00131802
0.001321467
0.001345982
0.001293224
0.001298315
0.00134408
0.001311012
0.001319166
0.001331179
0.001321379
0.00133437
0.001317883
0.001322942
0.001365997
0.001331482
0.001292321
0.001339026
0.001321203
0.001369702
0.001392869
0.001271063
0.001316146
0.00131749
0.001324622
0.001317832
0.001304605
0.001316681
0.001349404
0.00132853
0.001337555
0.001335995
0.001351809
0.001298876
0.001336877
0.001324545
0.001354282
0.00139627
0.001339539
0.001357024
0.001390942
0.00130531
0.001371175
0.001349651
0.001317692
0.00130437
0.001305766
0.001366855
0.001338686
0.001347536
0.001383926
0.001317185
0.001335463
0.001292813
0.001340387
0.001353696
0.001308153
0.001324323
0.001313488
0.001375911
0.001350829
0.001299992
0.001329582
0.001324453
0.001314503
0.001340575
0.001344536
0.001341106
0.001326868
0.001360924
0.001360142
0.001265389
0.001293943
0.001341818
0.001321367
0.001330068
0.001325247
0.001329321
0.001335802
0.001346338
0.001363639
0.00130343
0.001314626
0.001324309
0.001313544
0.001342855
0.001316517
0.001346886
0.001331446
0.001334025
0.001311432
0.001304932
0.001304834
0.001322078
0.001323426
0.001339532
0.001328155
0.001323717
0.001323587
0.001320683
0.001343124
0.001297464
0.001320248
0.001317008
0.001338436
0.001304525
0.001361574
0.001322444
0.001309234
0.001348017
0.001322238
0.00131931
0.001296581
0.001347883
0.001321716
0.001332447
0.001356125
0.00133168
0.001321889
0.001368361
0.001317284
0.001279482
0.001317455
0.001322255
0.00133495
0.001351273
0.001322577
0.001343077
0.001332201
0.001360594
0.001300385
0.00132286
0.001338098
0.00131345
0.001318458
0.001283244
0.001296816
0.001348977
0.001327933
0.001332461
0.00133095
0.00132943
0.001312143
0.001330111
0.00131748
0.001311425
0.001307234
0.001312672
0.001306885
0.001327849
0.001347271
0.001305233
0.001318076
0.001309692
0.001322973
0.001350058
0.0012939
0.001306005
0.001352586
0.001330917
0.001305727
0.001311558
0.001296356
0.001339336
0.001327735
0.001324432
0.001344944
0.001339126
0.001349975
0.001375131
0.001313334
0.001294636
0.001328141
0.001332955
0.001354504
0.001345583
0.001338402
0.001323676
0.00135834
0.001336135
0.001354268
0.00133167
0.001315392
0.001309156
0.001309694
0.001326185
0.001334442
0.001310365
0.001344056
0.001324652
0.001325159
0.001311992
0.001280235
0.001355172
0.001311023
0.001297116
0.001368744
0.00133316
0.001343029
0.001341938
0.001347919
0.001313034
0.001281705
0.001300579
0.001346099
0.001357205
0.001332287
0.001351808
0.001349757
0.001338075
0.001337199
0.001296072
0.001338998
0.001337139
0.001322156
0.001340472
0.001330532
0.001345962
0.001359268
0.001314576
0.001385417
0.001278773
0.001308589
0.001293012
0.001316946
0.001300396
0.00132079
0.001304612
0.001321284
0.001333865
0.001338505
0.001306887
0.001292709
0.00131067
0.001301238
0.001310005
0.00131883
0.00129907
0.001335838
0.001322609
0.001359273
0.001302532
0.001302223
0.001310952
0.001320258
0.001315437
0.001331743
0.001323334
0.001347357
0.001320802
0.001383454
0.001320831
0.001342696
0.001332455
0.001323929
0.001308454
0.001353833
0.001353282
0.001318387
0.001316541
0.001360348
0.001309657
0.00132471
0.001325784
0.001329719
0.00134052
0.001329484
0.001326944
0.001337779
0.001343979
0.001361964
0.001281739
0.001324229
0.00132837
0.001312812
0.001370416
0.001334106
0.001329858
0.001348563
0.001330726
0.001342758
0.001286397
0.001279283
0.001284414
0.001352203
0.001306711
0.001314293
0.001298171
0.001304948
0.001329661
0.00136303
0.001296298
0.001288769
0.001305204
0.00129424
0.001321604
0.001301134
0.001327573
0.001348115
0.00133248
0.001311763
0.001326308
0.001317881
0.001315869
0.00130556
0.001303716
0.001343656
0.001337844
0.001313773
0.001371811
0.001333306
0.001298363
0.001320158
0.00133778
0.001326702
0.001327683
0.00130221
0.001360676
0.001351612
0.001355929
0.001372756
0.001343754
0.00131064
0.00131884
0.001305793
0.00129616
0.001334704
0.00133588
0.001343383
0.001308026
0.001352692
0.001317056
0.001339897
0.001302404
0.001317442
0.001347807
0.001330041
0.001344311
0.001306873
0.001371765
0.001336987
0.001292767
0.001325082
0.001295969
0.001338997
0.00132958
0.001369428
0.001348623
0.001349115
0.001338574
0.001318567
0.001333413
0.001284837
0.001317903
0.001343925
0.001334823
0.001316554
0.001355301
0.001339735
0.001356176
0.001367019
0.00130145
0.001273269
0.001298374
0.001277763
0.001304062
0.001338903
0.001315507
0.001291033
0.001360717
0.001344795
0.001304718
0.001334638
0.001298983
0.001322955
0.001312226
0.001331986
0.001320249
0.001345019
0.001334044
0.001324538
0.001319262
0.001301912
0.001285925
0.001345329
0.001363266
0.001318209
0.001337236
0.00135099
0.001345527
0.001333209
0.001326106
0.001305859
0.001314757
0.001333374
0.001317406
0.001314053
0.001321101
0.001332304
0.001369158
0.001347082
0.001318327
0.001325249
0.00131988
0.001352747
0.001353644
0.001339017
0.001322599
0.001324373
0.001319195
0.001342517
0.001333809
0.00129919
0.001306376
0.001310588
0.001322188
0.001341155
0.001328305
0.00131585
0.001341761
0.001318512
0.001268493
0.001312959
0.001327795
0.001304348
0.001313016
0.001327358
0.001311627
0.001331776
0.001328857
0.001363378
0.001319522
0.001258533
0.001321431
0.001334681
0.001305619
0.001345717
0.001353765
0.001327769
0.001329013
0.001382443
0.001313742
0.001320877
0.00129853
0.001325563
0.001342326
0.001342283
0.00132525
0.001364348
0.001322316
0.001352938
0.00129205
0.001300016
0.001282766
0.001333826
0.001333235
0.001338993
0.001310819
0.001319432
0.00133429
0.001349635
0.001343269
0.00131699
0.001287942
0.001299824
0.001330381
0.001321495
0.001336783
0.001331298
0.001361823
0.001339628
0.001288934
0.001289124
0.001289433
0.001325253
0.001324587
0.001330713
0.001307823
0.00131622
0.001315744
0.001347401
0.001330151
0.001330537
0.001353093
0.001322442
0.00131764
0.001328779
0.001326969
0.00133755
0.001312535
0.0013213
0.00132213
0.001292745
0.001306728
0.001312283
0.001305214
0.001295879
0.001344621
0.00129685
0.00135638
0.001355789
0.001313438
0.001322019
0.001331896
0.001329336
0.0013192
0.001348514
0.001344149
0.001337279
0.001346605
0.001363379
0.00134686
0.00131114
0.001350909
0.001332623
0.001314095
0.001316072
0.001305645
0.001349104
0.001343274
0.00135137
0.001319953
0.001330284
0.001336889
0.001309819
0.001325103
0.001306903
0.001333664
0.001316667
0.00131854
0.001349517
0.001320128
0.001308868
0.001340368
0.001336839
0.001348448
0.001340202
0.001318465
0.001320138
0.001312692
0.001337839
0.001341106
0.001333073
0.001364976
0.001318378
0.001346716
0.001354067
0.001315268
0.001338633
0.001330822
0.00137146
0.001311429
0.001321202
0.001331235
0.001345711
0.001293969
0.00136187
0.001290062
0.001347709
0.001333663
0.001328192
0.001327863
0.001354134
0.001312732
0.00130841
0.00130456
0.001318311
0.001333881
0.001361208
0.001325972
0.001359413