15.02489211
15.18531545
15.18155622
15.19738133
15.19615561
15.1881252
15.11216513
15.25065211
15.10204876
15.35644116
15.17234596
15.18444326
15.16926891
15.39095816
15.25585372
15.36014862
15.2852913
15.18549122
15.53092397
15.21541951
15.33490592
15.27744716
15.23861373
15.35212501
15.13835136
15.2340368
15.26661059
15.33117106
15.21449582
15.21636932
15.19501032
15.23597973
15.17830316
15.44932398
14.97358205
15.21203627
15.16063904
15.03688151
15.12749695
15.05844373
15.25781821
15.30173878
15.20481303
15.11001141
15.33709762
15.0625647
15.44785864
15.35441189
15.24329588
15.27629611
15.18809618
15.15957621
15.20533581
15.16960623
15.27449666
15.20178088
15.11559311
15.10697298
15.11464403
15.21526561
15.30207636
15.14516943
15.22664542
15.25395879
15.34298439
15.01995402
15.06354173
15.1779349
15.28308099
15.28514258
15.24810956
15.02020485
14.99729376
15.18922652
15.33156831
15.16303432
15.27108245
15.24898301
15.30064959
14.98706821
15.14793779
15.21551521
15.22470516
15.24716796
15.14534508
15.07390482
15.20581461
15.22707669
15.11548827
15.20662306
15.0676623
15.20626234
15.12249124
15.28402873
15.29530126
15.18830867
15.21798169
15.35150827
15.20672866
15.27343909