0.001312561
0.001327143
0.001326951
0.001326343
0.001325683
0.001324428
0.001321961
0.001329024
0.001318501
0.001339583
0.001324093
0.001327405
0.001326355
0.001341913
0.001331356
0.001337716
0.001333458
0.001326006
0.001354091
0.001328347
0.001336244
0.001332607
0.00132955
0.00133874
0.001324983
0.001329504
0.001333594
0.001337707
0.001326076
0.001329272
0.001327193
0.001331805
0.001324355
0.001347019
0.001307089
0.001327943
0.001323442
0.001312101
0.0013231
0.001312417
0.001334762
0.001334247
0.001329124
0.001320398
0.001338773
0.001318432
0.001348639
0.001339144
0.001331241
0.00133427
0.001325321
0.001323934
0.001323396
0.001324131
0.001331388
0.001326474
0.001321312
0.001320257
0.001319526
0.00133221
0.001336667
0.001323077
0.001329038
0.001330799
0.001337089
0.001311703
0.001315749
0.001325835
0.001333116
0.001333067
0.001330365
0.001311943
0.00131274
0.00132699
0.001335446
0.00132499
0.001331492
0.001330682
0.001334994
0.001310622
0.001322942
0.001330118
0.001328134
0.001331748
0.001321776
0.001318977
0.001327907
0.00133085
0.001319528
0.001326976
0.001313533
0.001328092
0.001318899
0.001335586
0.001332121
0.001324725
0.001328428
0.001341456
0.001326518
0.001330694