41626.99526
41630.83299
41607.26325
41673.76362
41696.97892
41725.83416
41591.64787
41765.50372
41631.45965
41639.39067
41632.54186
41651.00277
41662.19931
41730.69966
41673.20585
41739.60845
41666.94703
41659.62489
41703.49441
41648.0628
41651.71943
41709.70323
41679.59689
41695.69005
41538.00847
41685.40461
41602.17331
41661.03932
41763.26596
41658.82046
41604.64884
41671.62143
41701.7222
41733.14852
41580.58355
41675.60472
41781.97464
41672.10698
41609.66323
41709.31545
41625.27305
41720.79866
41637.96402
41605.24328
41686.31571
41543.80618
41676.69693
41692.92786
41725.83527
41675.68027
41658.73046
41653.80496
41759.86267
41670.417
41701.28887
41698.54891
41539.23734
41609.42656
41686.00904
41594.66006
41671.72143
41663.58263
41686.63126
41709.90433
41720.06755
41564.08929
41640.43844
41676.62693
41674.31251
41717.92758
41705.64883
41540.65733
41527.45747
41665.32261
41684.61017
41631.51409
41726.30193
41612.60097
41737.65736
41550.37944
41663.82262
41620.6231
41693.17008
41661.6382
41646.19949
41554.58939
41680.32689
41633.50074
41690.10233
41657.18714
41653.76496
41600.81777
41680.71577
41635.71294
41721.57976
41671.64143
41712.82097
41723.00752
41689.36345
41745.8206