41553.77162
41533.67185
41438.46179
41582.07131
41621.38198
41776.45804
41778.3358
41582.11575
41697.54781
41706.1366
41623.19308
41613.09319
41545.64949
41917.75647
41630.55966
41664.47039
41508.57213
41535.11628
41747.16948
41522.74975
41596.80448
41678.17024
41578.18246
41530.93855
41578.02691
41587.08237
41393.59563
41612.25986
41636.83737
41880.73466
41632.18186
41834.82406
41563.58263
41711.59209
41703.83662
41654.53717
41463.67263
41726.33637
41721.2031
41725.86971
41666.82592
41521.00532
41572.22698
41981.65576
41748.58057
41720.93643
41615.33761
41473.36141
41877.07914
41792.78008
41756.20271
41624.37084
41727.40303
41582.99352
41586.39348
42143.66507
41984.38906
41507.88325
41901.94553
41443.09508
41397.51781
41653.80385
41584.98239
41540.91621
41549.11612
41915.6676
41399.91778
41725.39194
41493.63896
41655.52605
41638.97068
41723.03641
41814.80206
42170.15366
41753.71385
41949.54501
41743.31396
41580.138
41390.61788
41890.74566
41743.7584
41468.03924
41736.9807
41640.58177
41413.68429
41548.71613
41908.3788
41571.26032
41609.31545
41673.8814
41530.57188
42048.9439
41508.79435
41750.52499
41537.48292
41623.25974
41623.12641
41489.39456
41604.60439
41677.20359
41678.51468
41697.50336
41604.04884
41277.0747
41667.73703
41842.8573
41860.50155
41648.78168
41542.32731
41506.07215
41693.43674
41629.70411
41748.93612
41616.27093
41622.95974
41625.88193
41654.71495
41569.06034
41689.859
41659.20379
41785.25794
41737.65847
41758.22491
41400.00667
41887.81236
41758.6249
41453.28385
41435.09517
41783.0913
41622.93752
41676.01471
41815.07983
41716.63648
41767.13592
41679.21468
41487.01681
41838.25735
41664.55928
41788.70235
41874.37917
41729.50301
41545.9606
41713.19208
41871.44587
41876.21249
41599.33779
41519.99422
41608.22658
41576.97137
41691.21454
41773.05808
41790.85788
42024.52195
41769.747
41889.03457
41555.99382
41724.80306
41596.32671
41614.94872
41656.7927
41569.13812
41427.5508
41684.25906
41755.29161
41523.49418
41838.67957
41760.85821
41783.31352
41786.29126
41540.59399
41674.48139
41836.93515
41743.71396
41398.50668
41516.69426
41696.43671
41524.53862
41829.99078
41865.1015
41509.84989
41629.72634
41789.50234
41570.41588
41759.75822
41505.93882
41764.66928
41654.5705
41823.24641
41532.36075
42004.7555
41757.84714
41598.50446
41664.83706
41642.67064
41558.24935
41832.17964
41630.59299
41666.41482
41371.56254
41757.76936
41893.81229
41471.46143
41667.22592
41658.31491
41467.02814
41517.78314
41469.09479
41970.41144
41648.79279
41753.26941
41799.83556
41741.29176
41743.01397
41911.35654
41479.37245
41438.91735
41835.13517
41567.36036
41824.00196
41756.74715
41819.0909
41901.88998
41745.29172
41811.6132
41605.90438
41385.69571
41659.05934
41456.7727
41533.51629
41877.1347
41486.61682
41595.63783
41726.68081
41843.50174
42042.27731
41788.69124
41487.6168
41636.1596
41758.71379
41591.00454
41614.22651
41348.07391
41597.24892
41256.53048
41355.1405
41837.2907
41426.48415
41825.46861
41557.51603
41562.10487
41745.32505
41767.7248
41761.22488
41438.03958
41545.26061
41812.24653
41609.88211
41757.31381
41964.7115
41452.3172
41414.59539
41398.78446
41386.92903
41976.30026
41782.23575
41611.23765
41685.68127
41559.79378
41602.27109
41603.9044
41757.70269
41741.23621
41577.51581
41691.04788
41683.88129
41549.97167
41746.31393
41503.61663
41818.2798
41540.82732
41520.62755
41862.15709
41729.64745
41538.96068
41795.78005
41871.90142
41739.45845
41845.96838
41922.41197
41805.7466
41488.02791
41748.53613
41657.49269
41565.0715
41694.57006
41735.93627
41740.10289
41622.75975
41794.64673
41541.06065
41583.33796
41612.68208
41449.92833
41764.40262
41626.51526
41551.24943
41429.32856
41743.89173
41719.50312
41565.64927
41613.35985
41837.47958
41432.40631
41726.39193
41918.37868
41752.94719
41583.91573
41600.07111
41653.08163
41598.18224
41891.51232
41751.60276
41792.52453
41620.64866
41785.45794
41729.05857
41721.25865
41603.83774
41413.51763
41707.80325
41744.1584
41780.158
41879.73467
41739.76956
41827.55747
41677.04803
41961.1671
41672.62586
41551.37165
41497.89447
41498.49446
41567.22703
41623.64863
41612.28209
41788.82457
41281.91909
41717.73647
41619.882
41384.34017
41711.48098
41765.81371
41758.98046
41645.18172
41679.47023
41821.60198
41448.41724
41631.67076
41629.19301
41518.28313
41857.43492
41813.11319
41657.59269
41691.80342
41841.32399
41740.10289
41834.06851
41568.9159
41996.16671
41834.79072
41841.86842
41687.80347
41686.05904
41871.10143
41694.8145
41552.96052
41780.70244
41843.45729
41520.74977
41425.97304
41657.44825
41433.95073
41544.1384
41854.12384
41719.10312
41775.45805
41600.45999
41471.88365
41347.68503
41738.31402
41611.51543
41578.02691
41674.75917
41436.79515
41715.86982
41765.91371
41781.04688
41908.52324
41721.1031
41808.69101
41702.42553
41760.04711
41550.59388
41755.52494
41433.36185
41401.29554
41453.72829
41822.99086
41706.3366
41681.02577
41687.82569
41695.10339
41992.07787
41595.22672
41472.58364
41731.7252
41589.87122
41918.62313
41699.89222
41901.96776
41610.91543
41566.37148
41832.86852
41761.51376
41614.19318
41575.40472
41683.30352
41689.09234
41551.91609
41501.54998
41603.42663
41728.19191
41830.80188
41696.11449
41359.66267
41611.01543
41629.61523
41466.36148
41364.08484
41816.52426
41550.06055
41665.7926
41911.94542
41667.08148
41746.66948
41600.78221
41445.89505
41660.09267
41645.18172
41648.69279
41871.02366
41378.56246
41575.6936
41483.09463
41550.79388
41739.02512
41441.96176
41585.63794
41740.8251
41395.55116
41546.91615
41750.86943
41390.05122
41527.50525
41647.42614
41430.39522
41823.27974
41774.8025
41828.51302
41788.29124
41805.83549
41785.39127
41888.07902
41812.30209
41698.35891
41548.13835
41430.21744
41642.28175
41599.73778
41631.95964
41892.8123
41763.59152
41845.77949
41572.80475
41826.00193
41659.0149
41461.4171
41746.41393
41737.90291
41745.41394
41900.01222
41498.81668
41905.01217
41693.89229
41783.12463
41681.48132
41513.78318
41776.81359
41570.71588
41799.50223
41533.66074
41621.00421
41662.37042
41719.48089
41467.92813
41700.82555
41575.3825
41676.92581
41607.52658
41821.8242
41734.03629
41512.12764
41757.23603
41865.87927
41570.20478
41931.20076
41637.89291
41955.68938
41370.15144
41693.79229
41243.87507
41653.52607
41885.41238
41895.79005
41717.39203
41825.5686
41628.5819
41790.15789
41859.49045
41822.74641
41519.96089
41880.54577
41654.48162
41710.92543
41856.49048
41512.29431
41690.41455
41589.51567
41592.49342
41639.13734
41577.87136
41773.63585
41376.84026
41922.26753
41621.64865
41552.41608
41842.86841
41857.9238
41563.03819
41980.25577
41521.9942
41778.61357
41523.89418
41663.79262
41748.43613
41864.55706
41676.98137
41840.82399
41440.77288
41977.61136
41470.00589
41398.16224
41560.46044
41544.12729
41582.24909
41549.02723
41637.75958
41457.12825
41678.35913
41482.77241
41502.32775
41663.53707
41812.8243
41630.87077
41712.15875
41600.02667
41389.16234
41717.45869
41474.45028
41461.32821
41632.44853
41714.76984
41971.44476
41807.91325
41569.48256
42000.13333
41531.51632
41784.73573
41483.09463
41641.14843
41355.8516
41866.63482
41470.38366
41926.85637
41501.08332
41523.67196
41863.74596
41444.1284
41495.89449
41656.37048
41197.83114
41450.10611
41788.46902
41693.00341
41575.21583
41921.20088
41945.84505
41557.66047
41643.55952
41727.19192
41414.96206
41800.8911
41716.83648
41737.94736
41738.30291
41802.54664
41826.34637
41365.30705
41495.57227
41564.99372
41587.08237
41714.33651
41551.50498
41646.18171
41807.30214
41926.28971
41757.64714
41758.75824
41465.83927
41604.44884
41634.00407
41837.72403
41523.06085
41683.58129
41663.27041
41807.07992
41851.83498
41613.89318
41840.03511
41789.49123
41489.07234
41685.03683
41624.58195
41642.37064
41727.38081
41629.82634
41877.93469
41776.53582
41735.79182
41567.20481
41934.01184
41394.81784
41577.59358
41541.90509
41590.23789
41535.79405
41561.79376
41627.09303
41411.61765
41776.6247
41623.4153
41621.13754
41348.62946
41856.42382
41549.605
41630.15966
41692.39231
41483.29463
41824.0464
41737.90291
41660.79266
41380.37355
41896.11227
41630.71521
41602.30442
41681.55909
41606.89326
41711.95876
41861.16821
41563.81596
41831.36854
41640.08178
41673.64807
41746.7917
41749.25834
41676.77026
41716.73648
41813.31319
41507.92769
41419.98422
41798.61335
41534.80517
41785.03572
41882.53464
41682.39242
41769.69145
41722.03642
41696.91448
42022.6553
41415.95093
41667.25925
41822.31309
41640.39288
41532.39408
41545.67171
41889.779
41676.57026
41695.60338
41775.66916
41680.69244
41797.40225
41639.10401
41747.93613
41347.46281
41634.58184
41471.82809
41675.85916
41260.21933
41380.89577
41460.43933
41788.2468
41444.3284
41341.09621
41665.33705
41310.90766
41622.67086
41629.83745
41666.08149
41690.62566
41450.58388
41453.10608
41647.68169
41722.46975
41340.39622
41620.41533
41619.02646
41756.05827
41847.14614
41621.82642
41708.31435
41769.89145
41525.59416
41643.69285
41749.23612
41780.80244
41776.26915
41511.42765
41960.256
41424.41751
41663.59263
41810.81321
42010.87766
41529.09412
41723.21419
41628.82635
41542.24953
41578.3158
41601.52665
41635.72627
41564.18262
41501.12777
41692.25897
41799.43556
41863.96818
41841.97953
41808.15769
41731.09188
41653.61496
41357.0627
41843.07952
41672.37031
41622.97086
41663.94818
41529.01634
41609.10434
41633.35963
41640.90399
41661.77042
41670.12589
41598.20446
41496.60559
41794.14673
41589.89345
41788.03569
41773.58029
41812.60208
41570.68255
41735.40294
41805.59105
41673.38141
41833.25741
41511.70543
41496.99448
41404.31773
41539.3829
41480.89466
41776.79137
41702.13664
41287.50792
41580.41577
41723.64752
41559.42712
41821.06865
41698.0478
41843.52396
41616.30426
41770.147
41695.17005
41693.30341
41440.68399
41500.54999
41661.24821
41423.35085
41569.53812
41616.47093
42028.24413
41415.85093
41769.34701
41411.60654
41508.51657
41802.05775
41597.89336
41413.9954
41717.44758
41751.60276
41713.45874
41776.7247
41681.88131
41587.84902
41955.56716
41735.28072
41900.51222
41757.74714
41709.70323
41580.24911
41857.27936
41645.50394
41582.76019
41521.13865
41506.60548
41554.88272
41668.4148
41521.31643
41881.86798
41697.19225
41376.85137
41643.42618
41812.20209
41463.42818
41841.95731
41555.33827
41452.25053
41376.92915
41560.42711
41402.98441
41639.13734
41629.64856
41754.72495
41460.99488
41413.09541
41855.7016
41655.59272
41317.0187
41885.43461
41738.69179
41541.60509
41838.85735
41719.10312
41631.89298
41666.97037
41808.10213
41808.74657
41407.05103
41542.03842
41572.27142
41506.2166
41546.88281
41478.92801
41832.7463
41543.82729
42096.29893
41670.67033
41503.1833
41686.28126
41736.92515
41865.23483
41791.73565
41725.15861
41508.41657
41666.89259
41746.52504
41788.40235
41865.1015
41397.74003
41454.30606
41740.85843
41736.08071
41563.37152
41538.96068
41811.14654
41675.9036
41478.1058
41677.24803
41690.74788
41807.40214
41977.76691
41701.1811
41446.59504
41516.19426
41693.47007
41548.93835
41619.32645
41570.77144
41589.72678
41682.62575
41737.15848
41606.71548
41451.4061
41586.70459
41541.04954
41622.69308
41951.23388
41457.62825
41520.22755
41609.39323
41606.03771
41518.12758
41887.86791
41561.29376
41900.51222
41794.83561
41817.70203
41650.32611
41739.54734
41575.9936
41566.73815
41607.79325
41688.20346
41594.04896
41618.89312
41497.88336
41731.89187
41718.10313
42014.6665
41883.63463
41704.56995
41647.44836
41634.69295
41660.08155
41763.86929
41456.83937
41815.92427
41716.92537
41615.82649
41733.0363
41660.28155
41694.64784
41808.80212
41509.89433
41646.75948
41514.31651
41757.03603
41761.09154
41841.95731
41842.60175
41895.37894
41725.68083
41590.28233
41615.62649
41459.73934
41638.81512
41889.979
41781.66909
41756.23604
41570.6381
41707.41436
41641.07065
41655.28161
41688.93679
41640.39288
41898.45668
41528.07191
41793.43563
41824.3464
41659.08157
41764.44706
41660.48155
41429.80634
41923.64529
41802.62442
41507.69436
41716.43648
41977.87802
41606.34882
41671.02588
41480.95021
41681.33687
41953.63385
42067.46592
41608.08213
41695.04783