0.001567431
0.00141591
0.003078453
0.001012747
0.000952412
0.000757176
0.002867457
0.000836631
0.000542952
0.002923729
0.004874237
0.000777888
0.000572064
0.000681848
0.001071234
0.000553901
0.002917665
0.00225799
0.000756877
0.001789121
0.001250242
0.000794615
0.000750835
0.002511805
0.001198376
0.000853684
0.000902382
0.000555557
0.001858121
0.005447605
0.000637179
0.000791669
0.000772101
0.002928036
0.001825656
0.000658236
0.000633209
0.00247855
0.00147803
0.004082864
0.000582421
0.002226472
0.001677994
0.000546064
0.000844129
0.005875451
0.001642041
0.000766243
0.000707599
0.001446919
0.003407192
0.004391275
0.001581656
0.000888721
0.001542087
0.000961054
0.000646416
0.000782515
0.001138415
0.000800598
0.001364888
0.000812923
0.000903992
0.000927306
0.000564137
0.001743414
0.003662313
0.000611331
0.001230304
0.004544333
0.003791188
0.000769386
0.00102895
0.003563112
0.001706743
0.002665654
0.000565742
0.000798889
0.000684478
0.000570145
0.004146259
0.003086188
0.00192837
0.00064593
0.000542042
0.001627133
0.001058695
0.000731559
0.00078627
0.001811389
0.00054209
0.000912527
0.000629509
0.004093022
0.000890838
0.000664581
0.002180126
0.003765388
0.000925132
0.001687551
0.002293275
0.000752229
0.002260408
0.001471212
0.00337755
0.000637945
0.001184556
0.001182661
0.002072682
0.000585789
0.000541097
0.00171487
0.001500847
0.0029406
0.000633611
0.000831563
0.003313517
0.001320608
0.00254553
0.001062335
0.005631978
0.000723388
0.001941662
0.00088689
0.0020881
0.001399411
0.000595075
0.000686856
0.000673765
0.001434868
0.002003763
0.005941039
0.000721377
0.000841865
0.000845217
0.001450738
0.001739071
0.000652849
0.001665094
0.000606586
0.004095631
0.00285787
0.000733912
0.000576067
0.000932276
0.001031954
0.00079796
0.002237584
0.002435355
0.000554401
0.001860488
0.000746173
0.002273618
0.000800022
0.005518829
0.001797494
0.000574532
0.000586527
0.000691627
0.001287012
0.001820327
0.000570577
0.005904948
0.001932529
0.00069638
0.001281703
0.000654338
0.000611701
0.001679051
0.001130096
0.000696962
0.00287991
0.002036517
0.000570427
0.002589369
0.001760838
0.003261826
0.000906825
0.000613559
0.000608318
0.002618015
0.000625206
0.001110845
0.000689626
0.000726122
0.003237023
0.000542627
0.002378538
0.001348003
0.003017214
0.002593807
0.002084181
0.000744635
0.000546792
0.003292824
0.000656911
0.001960506
0.001174485
0.001902586
0.001054791
0.003916762
0.000614481
0.002358688
0.000872229
0.00352392
0.001030232
0.000613397
0.000940924
0.001605335
0.000662238
0.000663583
0.000796865
0.001100372
0.004805008
0.001428255
0.001441722
0.00069087
0.003924691
0.00061581
0.000738671
0.000834196
0.000675493
0.001769611
0.000654329
0.001716082
0.001184669
0.004089927
0.00067034
0.003800148
0.000602372
0.002751151
0.001201008
0.000654409
0.003042263
0.000652516
0.001012389
0.000539034
0.001318148
0.000890381
0.004107567
0.000541827
0.000912475
0.001812943
0.000761465
0.001153952
0.002568006
0.002531193
0.000838569
0.004009231
0.00077927
0.00061556
0.00208435
0.000642284
0.003270631
0.001929559
0.000722501
0.003090517
0.001435079
0.00145417
0.001085597
0.003042137
0.004476956
0.000964435
0.000552219
0.000704107
0.001111955
0.000696306
0.002873739
0.000692028
0.001300739
0.00061906
0.002572231
0.002795877
0.000762775
0.000849202
0.005386454
0.001381339
0.000554697
0.000792578
0.000847892
0.003491299
0.003708789
0.001279548
0.003034938
0.000548208
0.001126974
0.000661317
0.000688475
0.000972533
0.000641997
0.000639515
0.000733971
0.001061205
0.002629247
0.001032859
0.000598231
0.001918968
0.005563356
0.000647699
0.001408037
0.000711437
0.000603577
0.003548532
0.004383948
0.000547027
0.000717861
0.000923412
0.00128923
0.001019449
0.002271454
0.000998549
0.000550307
0.004443929
0.001472891
0.000645803
0.001757919
0.000634446
0.001005454
0.002605848
0.002089981
0.005791422
0.000867893
0.000542645
0.00108789
0.000726407
0.002914412
0.000756857
0.001266102
0.000958105
0.001294286
0.000957521
0.00079095
0.001249865
0.000670181
0.001383277
0.000677248
0.001708511
0.004688382
0.003284184
0.000789046
0.000656061
0.002355857
0.005426718
0.000602106
0.001830525
0.001107357
0.001106198
0.000888824
0.001257678
0.000749427
0.001579312
0.001117744
0.001545631
0.001143822
0.000736998
0.000619798
0.003782228
0.000768797
0.004065662
0.00072197
0.00509466
0.000874908
0.000569603
0.001614285
0.000698074
0.000594068
0.00365733
0.001260233
0.001058266
0.001069015
0.005241117
0.002259228
0.000558593
0.000989546
0.000690623
0.000771053
0.001943138
0.000856781
0.002024705
0.000745439
0.000549934
0.000773987
0.000574148
0.00555134
0.001818022
0.000873345
0.001010677
0.001707304
0.001730832
0.00147307
0.000793554
0.000646747
0.000698404
0.001368397
0.002438879
0.001092743
0.005005094
0.000569361
0.000775824
0.00267548
0.001164808
0.000670423
0.001190955
0.000783543
0.000705965
0.003022817
0.002437511
0.00054504
0.004816998
0.000882516
0.000601129
0.001088908
0.000703066
0.001145018
0.000616053
0.000686332
0.003408119
0.003519867
0.003500191
0.000868523
0.000902791
0.00074853
0.002608632
0.000658668
0.000829386
0.002861186
0.000850768
0.004229691
0.000564762
0.002125626
0.002629433
0.004492684
0.001380691
0.002350952
0.000646418
0.000679176
0.00111343
0.000648829
0.001624183
0.000550139
0.003651286
0.001022557
0.000848509
0.003472162
0.000669903
0.001079094
0.000619789
0.002638621
0.001598788
0.000607427
0.001504345
0.002049649
0.001900065
0.000685429
0.000713399
0.001609138
0.001422001
0.000570631
0.004904824
0.000571205
0.001899323
0.000920499
0.000859835
0.001764668
0.000632171
0.0011041
0.000597
0.002002708
0.00066285
0.00547623
0.000586651
0.000607196
0.001210781
0.00101985
0.002365668
0.001295487
0.001895638
0.000922933
0.005803121
0.000623182
0.00061652
0.002602893
0.001056035
0.00176333
0.00404759
0.000540876
0.000842338
0.000860646
0.002642803
0.001865076
0.000971006
0.000852728
0.000777438
0.002841551
0.000834721
0.000546899
0.000755242
0.0054813
0.001701466
0.001435925
0.001665892
0.00065858
0.001718224
0.000594563
0.003757547
0.000964527
0.000605007
0.000674925
0.000884392
0.004560288
0.001765065
0.000932999
0.000594369
0.000578338
0.002533172
0.001102058
0.002148028
0.000721202
0.00502818
0.000686106
0.000845045
0.000548141
0.003493715
0.000717057
0.002502967
0.000944539
0.004562208
0.000720485
0.000681246
0.001638507
0.000973577
0.00519683
0.002139043
0.000925086
0.001435403
0.000569237
0.001306783
0.000563999
0.002226753
0.000716373
0.001028608
0.001336205
0.002859315
0.000642559
0.001229882
0.000618129
0.005445502
0.000703308
0.000612386
0.001980747
0.000747239
0.000623489
0.004252348
0.002712209
0.000753894
0.00055416
0.00081502
0.001119668
0.003220871
0.00123359
0.00124881
0.004808452
0.00126908
0.001335525
0.000605438
0.003933289
0.000932853
0.000616217
0.000560275
0.000929429
0.000932381
0.000645436
0.005341935
0.00059114
0.001698345
0.002005646
0.000654301
0.001521369
0.000856181
0.001561842
0.000611737
0.002677109
0.000745086
0.00069312
0.004532872
0.000539386
0.00153894
0.001178513
0.002712729
0.001083145
0.000839944
0.005565584
0.0011915
0.001589354
0.000691955
0.000576323
0.001209503
0.000563296
0.001061134
0.003049329
0.000837321
0.002997803
0.000570506
0.002968205
0.000579014
0.000871602
0.001437181
0.000919253
0.001053928
0.004019467
0.000722404
0.000626442
0.001322132
0.00553657
0.0009163
0.000548551
0.001419909
0.000858996
0.003237121
0.001162848
0.000670123
0.005652171
0.000793554
0.000567883
0.001266504
0.002137803
0.000866456
0.000557627
0.00198326
0.001755558
0.002037981
0.000599311
0.001064564
0.000664291
0.00314933
0.003896258
0.002601771
0.000893098
0.00058745
0.000662669
0.002796394
0.001529447
0.000740725
0.001099822
0.002190666
0.001841694
0.001748049
0.001044034
0.002172229
0.001115193
0.004334487
0.000839707
0.0013999
0.00078972
0.001652482
0.00076134
0.000549638
0.002610591
0.002647295
0.000623867
0.002222147
0.000865472
0.000856961
0.001093185
0.003587297
0.000571944
0.000609679
0.003339148
0.002264201
0.000635248
0.000794711
0.003048534
0.000782861
0.003478742
0.000977604
0.002836156
0.000543421
0.00168076
0.000645819
0.00120101
0.004052146
0.000935246
0.000541437
0.002329787
0.001953902
0.000725801
0.000758317
0.00331859
0.001026395
0.000919177
0.000750038
0.005446394
0.001269961
0.00221281
0.00279376
0.000719786
0.000846504
0.000940562
0.000542032
0.000779095
0.001636961
0.001782086
0.003992937
0.001878895
0.000608105
0.001548633
0.000654318
0.002684454
0.000656709
0.000680164
0.001279157
0.000997693
0.003681299
0.003770032
0.000555904
0.002052799
0.001813666
0.000602781
0.000705559
0.000712747
0.000582336
0.000872034
0.000693043
0.00197262
0.001952815
0.005029464
0.002435048
0.000949798
0.000950648
0.0005734
0.001140201
0.000582772
0.005401998
0.001935111
0.000553747
0.001277404
0.000678365
0.000752216
0.002574827
0.001431078
0.000612022
0.003883925
0.000609728
0.000890642
0.000684235
0.002484762
0.001614513
0.001398087
0.003398078
0.000720571
0.002968721
0.000859362
0.00303718
0.000684007
0.001394048
0.000652212
0.004246014
0.000697523
0.000861614
0.000623845
0.001472629
0.000922114
0.005362631
0.000574516
0.000706193
0.001830659
0.001144811
0.000552716
0.001045192
0.0023765
0.000795448
0.000992532
0.000592673
0.002299611
0.001315777
0.000912706
0.005501224
0.001860602
0.001150108
0.00058466
0.000545587
0.001429023
0.001424143
0.002524542
0.003740313
0.000617793
0.000938364
0.000953154
0.003280086
0.000616955
0.00119002
0.00054135
0.001302044
0.004184316
0.000870907
0.001963075
0.002771528
0.000686148
0.001013816
0.001355765
0.003679008
0.00131935
0.000897253
0.000738052
0.001925077
0.000569378
0.000802762
0.00444443
0.000872791
0.000976409
0.001173069
0.001614635
0.000643081
0.000711864
0.001584794
0.000549502
0.002559139
0.000885217
0.000591181
0.005788124
0.004004248
0.002303268
0.000551168
0.000599954
0.000904764
0.002850837
0.000817558
0.00261943
0.000981093
0.00082705
0.000804947
0.000863528
0.003913357
0.00081696
0.000813742
0.000617714
0.001186566
0.001249202
0.004494525
0.001301502
0.0012635
0.005483938
0.00153854
0.000629649
0.001407065
0.001822841
0.001522052
0.000584142
0.000693108
0.001181573
0.000978277
0.000846458
0.000668008
0.000670658
0.001232862
0.001796728
0.000660644
0.001901671
0.004884807
0.002379647
0.000996696
0.001399056
0.001287403
0.000694258
0.00574832
0.000604482
0.00058137
0.002826851
0.000711869
0.001174061
0.00271524
0.003686126
0.002604918
0.00067437
0.000681747
0.000703214
0.000789671
0.000573747
0.001023342
0.002573161
0.000584512
0.002078297
0.001245167
0.000569031
0.001258522
0.001743918
0.000819207
0.001849454
0.005228281
0.000629951
0.003746294
0.000977179
0.000650357
0.003445443
0.000983062
0.00163786
0.001589986
0.000962702
0.001173
0.00088707
0.000567001
0.002944048
0.000748267
0.002342373
0.002615526
0.000995059
0.003048445
0.00060195
0.000602884
0.001379018
0.000567961
0.001111062
0.001329051
0.001488167
0.00070007
0.000876254
0.003686986
0.000627646
0.001557596
0.004285418
0.001027873
0.001498276
0.001524026
0.005709001
0.00273177
0.000538406
0.000709004
0.000788485
0.000664131
0.000868864
0.000574039
0.000561544
0.000703044
0.002297014
0.002773156
0.001717757
0.001281419
0.000850555
0.001084774
0.00389593
0.00187397
0.000963096
0.001060778
0.002048381
0.000627674
0.000742642
0.000589318
0.003873755
0.000633859
0.003768501
0.000686823
0.003756655
0.000905419
0.002376956
0.001034064
0.001307981
0.000669736
0.003282261
0.000540458
0.001496784
0.002320871
0.000540793
0.0025675
0.001123765
0.000619149
0.003188149
0.000906581
0.002701984
0.001167492
0.000947882
0.000771399
0.001235924
0.002848849
0.001169827
0.000691163
0.000615356
0.000684159
0.005357483
0.001499951
0.001420841
0.001785657
0.000687454
0.002479813
0.002456929
0.000811563
0.000756226
0.000553392
0.003610102
0.000871603
0.001898382
0.000658426
0.000729216
0.000744277
0.004359488
0.00246881
0.000765268
0.000933267
0.003461511
0.000586652
0.001257877