18.63230099
18.46828079
18.49618353
18.06766414
18.27436784
18.36589799
18.46764339
18.60887774
18.37873595
18.47576182
18.41831626
18.50176135
18.48405577
18.26142073
18.15881774
18.57972435
18.52065703
18.17380844
18.38230064
18.36503831
18.31749458
19.17784945
18.32406061
18.48240021
18.59022617
18.17245944
18.76447043
18.25865929
18.487803
18.07286695
18.28825199
18.7913703
18.63978388
18.04824355
18.62212058
18.29890346
18.88506921
18.39970501
18.34672287
18.31550293
18.61439704
18.17359967
18.29577943
18.63512053
18.23282123
18.28578807
18.21375324
18.63959204
18.91848461
18.31702924
18.50871365
18.48425999
18.65443524
18.31576662
18.54394903
18.01293881
18.45939104
18.25383111
18.48670743
18.11613384
18.28041396
17.9242048
18.518214
18.35824389
18.44113717
18.46499635
18.23400564
18.59834293
18.5090443
18.36495964
18.56849097
18.61594209
18.23449962
18.2283754
18.63987611
19.01475761
18.469463
18.3342444
18.32590922
18.53793899
18.25059307
18.44355908
18.674683
18.13803653
18.41962728
18.82268402
18.5709609
18.56678869
18.78152974
18.29203618
18.37342133
18.71144091
18.26558897
18.60153587
18.51905988
18.35489284
18.27924971
18.44934809
18.48747279
18.61902894
