0.001595914
0.001628347
0.001613776
0.001629274
0.001634321
0.001616814
0.001638662
0.001618599
0.001637644
0.001631661
0.001582721
0.001641054
0.001608258
0.001648706
0.001627243
0.001616409
0.001628552
0.001595504
0.001632649
0.001602322
0.001617451
0.001622702
0.00160119
0.001620951
0.001594048
0.001633961
0.001643416
0.001656814
0.00161683
0.001624853
0.001603834
0.001622758
0.001622585
0.001620762
0.001598973
0.001608066
0.001649517
0.001609096
0.001607924
0.001607651
0.001623377
0.001616167
0.001639084
0.001613565
0.001623058
0.001594789
0.001592884
0.001634755
0.00168508
0.001622635
0.001610254
0.001612596
0.001666912
0.001605801
0.001649764
0.001607006
0.001625281
0.00158344
0.001633367
0.001638126
0.001627186
0.001636639
0.001625329
0.001617127
0.001628799
0.001622985
0.001605417
0.00160177
0.001658235
0.001632294
0.001613517
0.001618531
0.001602774
0.001634127
0.001632476
0.001604959
0.001600308
0.001600398
0.001606688
0.001588262
0.00162402
0.0016142
0.001647457
0.001608849
0.001613347
0.001603554
0.001606019
0.001605676
0.001601109
0.001606102
0.001584749
0.001624397
0.001609856
0.001573826
0.001621023
0.001607425
0.001608761
0.001630662
0.001591582
0.001599765