41528.24191
41538.81401
41539.98956
41541.9162
41544.24729
41550.40611
41554.62606
41565.32705
41580.85243
41591.50898
41594.94561
41600.99666
41601.16665
41604.90328
41605.02661
41607.13437
41609.63989
41610.44988
41612.63875
41620.53533
41625.50861
41627.22081
41630.30077
41631.14077
41631.4141
41631.46521
41632.76186
41635.92849
41638.71846
41639.87289
41640.48399
41645.69727
41646.98614
41650.63277
41651.8272
41652.98608
41653.88496
41657.16714
41657.85825
41659.25379
41659.88933
41660.26155
41661.56598
41662.2982
41663.52929
41664.35817
41665.27816
41666.94703
41668.35368
41671.74031
41672.00253
41672.15142
41672.50697
41673.11474
41674.16584
41675.25027
41675.46361
41675.58805
41675.77249
41677.24581
41678.42135
41680.32689
41680.398
41683.53574
41685.24461
41685.6246
41686.40793
41686.54793
41689.05901
41689.68234
41692.35786
41695.63672
41695.83227
41697.37892
41698.19224
41701.24776
41702.10998
41702.52886
41704.53217
41709.44212
41710.01322
41710.72655
41712.68764
41717.27203
41720.84644
41720.98421
41721.40754
41722.47864
41725.4275
41725.96527
41726.1386
41730.43744
41733.42074
41737.47625
41738.97734
41745.96504
41759.77378
41762.83041
41764.8615
41782.70908
