0.000506169
0.000537137
0.000516615
0.000575962
0.000505654
0.000569206
0.000515349
0.000541105
0.000519135
0.000520438
0.000507756
0.00055744
0.000509707
0.000554528
0.000503485
0.000519644
0.000519098
0.000545663
0.000514823
0.00055742
0.000501814
0.000551195
0.000514056
0.00052387
0.000506622
0.000538062
0.000504375
0.000581215
0.000501413
0.000555113
0.000501537
0.000591375
0.000502717
0.000571092
0.000515315
0.000535269
0.000508189
0.000516439
0.000499143
0.00053599
0.000507484
0.000521392
0.000505161
0.000556134
0.000505733
0.000578009
0.00050364
0.000580882
0.000502714
0.000511696
0.00050584
0.000562648
0.0005126
0.00051834
0.000498123
0.000553595
0.000517463
0.000570331
0.000512324
0.000548003
0.000500786
0.000538702
0.000502405
0.000554945
0.00050411
0.000594014
0.000514075
0.000560811
0.000503983
0.000507093
0.000501347
0.000515177
0.000507005
0.000563654
0.000513228
0.000543241
0.000510681
0.000534402
0.000500455
0.000598206
0.000516678
0.000567505
0.000506477
0.000550941
0.000514712
0.000514906
0.000518304
0.000584402
0.000501746
0.000522652
0.000502008
0.000518509
0.000511919
0.000603185
0.000510378
0.00055637
0.000508827
0.000549722
0.00050999
0.000521195
0.000503546
0.000567152
0.000508477
0.000520499
0.000498552
0.000602497
0.000506485
0.000524142
0.000504215
0.000551291
0.000511529
0.000528063
0.000506484
0.000507181
0.00050362
0.000556136
0.000502657
0.000577932
0.000513963
0.000585187
0.000500694
0.000532569
0.000510612
0.000597105
0.000500761
0.000560977
0.00050421
0.000559838
0.00050256
0.000507956
0.000511775
0.000552162
0.00050373
0.00060147
0.000496335
0.000526673
0.00050068
0.000521163
0.000501914
0.000562445
0.000500521
0.000561567
0.000500543
0.000563421
0.000503143
0.000551019
0.000505859
0.000548087
0.000503173
0.000548927
0.00050728
0.000565549
0.000509072
0.000595269
0.000500747
0.000527804
0.000501031
0.000521721
0.000499586
0.000562368
0.000513756
0.000589058
0.000507658
0.000551658
0.000496275
0.000522236
0.000518411
0.000514583
0.000512366
0.000569443
0.000514044
0.000606219
0.000504676
0.000544539
0.000508571
0.000518869
0.000507959
0.000531357
0.000511054
0.000560556
0.000503353
0.000542292
0.000497202
0.000531363
0.000503249
0.000560544
0.000497669
0.000569163
0.000500954
0.000565229
0.000501586
0.000574956
0.000503725
0.000523642
0.000508298
0.000523783
0.000499967
0.00057134
0.000513263
0.000571509
0.000516202
0.000539863
0.000506962
0.000511337
0.000497859
0.000568827
0.000501797
0.000600104
0.000500608
0.00055429
0.000509427
0.000530394
0.00050942
0.000523759
0.000505166
0.000606039
0.000502976
0.000550135
0.000507505
0.00055346
0.000504011
0.000531679
0.000508091
0.000523597
0.000499932
0.000590949
0.000508178
0.000556142
0.000519128
0.000543843
0.000501916
0.000600186
0.000502424
0.000558009
0.000500469
0.000518652
0.000513757
0.000515787
0.00050842
0.000563226
0.000503444
0.0005177
0.000509385
0.000589374
0.000499129
0.000572058
0.000508152
0.000515658
0.000504076
0.000569865
0.000511979
0.000569821
0.000501322
0.000540727
0.000506163
0.000580874
0.000501724
0.000561105
0.000509576
0.000511378
0.000514459
0.000539575
0.000502874
0.000601123
0.000498732
0.000546229
0.000505207
0.000511766
0.000507558
0.000558361
0.000503521
0.000549203
0.000502951
0.000570507
0.000514418
0.000584118
0.00050098
0.000511961
0.000511106
0.000544116
0.000510458
0.000566751
0.000520324
0.000546212
0.000501774
0.000511654
0.000504459
0.000567494
0.000517015
0.000548252
0.00050019
0.000595933
0.000498003
0.000520861
0.000513041
0.000540081
0.000513158
0.000555416
0.000505082
0.000540275
0.0004981
0.000588513
0.000502797
0.000566032
0.000501161
0.000553426
0.00049924
0.000516356
0.000505782
0.000539732
0.000503564
0.000562313
0.000503064
0.000594416
0.000504615
0.000548738
0.000503864
0.00056364
0.000500733
0.000515351
0.000504257
0.000579669
0.000509485
0.000547576
0.000508363
0.0005088
0.000501945
0.000593268
0.000502135
0.000527352
0.000497036
0.000553019
0.000505217
0.000582297
0.000509803
0.000524551
0.000508501
0.000579012
0.000505011
0.000516289
0.000508251
0.000568024
0.000511864
0.0005187
0.000502306
0.000549217
0.00049991
0.000520543
0.000516869
0.000595071
0.000503789
0.000582637
0.00050028
0.00051558
0.000498092
0.000539719
0.000502782
0.00057083
0.000505404
0.000562368
0.000505077
0.000569658
0.000506329
0.000572234
0.000516118
0.00051937
0.000501314
0.000531715
0.000512304
0.000562655
0.000504994
0.000579365
0.000500647
0.000595551
0.000504726
0.00051444
0.000508692
0.000527442
0.000509486
0.000543657
0.000505198
0.000546176
0.000510124
0.000592151
0.00049869
0.000513123
0.000510104
0.000529363
0.000507391
0.000572358
0.000499688
0.000561982
0.00050845
0.000529109
0.000502383
0.000519143
0.0005072
0.000570412
0.00050174
0.000580072
0.000505279
0.000585198
0.000511569
0.00058422
0.000501692
0.000533084
0.00051376
0.000535619
0.00050974
0.000515808
0.000508637
0.000560886
0.000507046
0.000556882
0.000514451
0.00051027
0.000515235
0.000583427
0.000511652
0.000526521
0.000498418
0.000538207
0.000500108
0.000558519
0.000511524
0.000523436
0.000502609
0.000598417
0.00050128
0.000544291
0.000504625
0.00057627
0.000501585
0.000577806
0.000501089
0.000536833
0.000501044
0.000543314
0.000505819
0.000532684
0.000516599
0.000514175
0.000512552
0.000560665
0.000501522
0.000564786
0.000508935
0.000524561
0.000503876
0.000589933
0.000511019
0.000591862
0.000512239
0.000526433
0.00050922
0.000515585
0.000511728
0.000571779
0.000514915
0.000542466
0.000508197
0.000509853
0.000517675
0.000535529
0.000502456
0.000557704
0.000511477
0.000551837
0.000509675
0.000601262
0.000505345
0.00055619
0.000508515
0.000520785
0.000516345
0.000590151
0.000510088
0.000515131
0.000510893
0.000560303
0.000506395
0.000520486
0.000506922
0.000554223
0.000510937
0.000539668
0.000503791
0.000562407
0.000508455
0.00058892
0.000507705
0.000518328
0.000506203
0.000592282
0.000505677
0.000540891
0.000509649
0.000586199
0.000503444
0.000516738
0.000507449
0.000552287
0.000503305
0.000520862
0.000498334
0.000577079
0.000505169
0.000587573
0.000500799
0.000515467
0.000507394
0.00053322
0.000507816
0.000601034
0.000504964
0.000536348
0.000510691
0.000547656
0.000516418
0.000525309
0.000508531
0.00054301
0.000516794
0.000511215
0.000507344
0.000563059
0.000515296
0.000552852
0.000515042
0.000570178
0.000503697
0.000575871
0.000497405
0.000577909
0.000510758
0.000545992
0.000504251
0.00054967
0.000504198
0.000508694
0.000498402
0.000550952
0.000506383
0.000594095
0.000506311
0.000511094
0.000506105
0.000568241
0.000515275
0.000527311
0.000501582
0.000532278
0.000502454
0.00059254
0.000498643
0.000561312
0.000503679
0.000522428
0.000497931
0.000571475
0.000507791
0.00057286
0.000504247
0.000578985
0.000500011
0.000509268
0.000500185
0.0005483
0.000494833
0.000547707
0.000499925
0.000572366
0.000504795
0.000514333
0.000518137
0.000521313
0.000506717
0.000594498
0.000502147
0.000551469
0.000510404
0.000564247
0.000506021
0.000544843
0.000510399
0.000537979
0.000518907
0.000588749
0.000510107
0.00051266
0.000513118
0.000559898
0.000515078
0.000579599
0.000504913
0.000518019
0.000501369
0.000521777
0.000500261
0.000568533
0.000507437
0.000581296
0.000517617
0.000538031
0.000507685
0.000514609
0.000503486
0.000565293
0.000517064
0.00054748
0.00050518
0.000514697
0.000511448
0.000547892
0.000511206
0.00059237
0.000503873
0.000531794
0.000501742
0.000561997
0.000501411
0.000549912
0.000500474
0.000542895
0.000501634
0.000554815
0.000503184
0.000509365
0.000512953
0.000591923
0.000499871
0.000546949
0.00050315
0.000554475
0.000502892
0.000523416
0.000506207
0.000589496
0.000511504
0.0005674
0.000508395
0.000525291
0.000505672
0.000574941
0.000502668
0.000529302
0.000499735
0.000574048
0.00050789
0.000552136
0.00050927
0.000537241
0.000519171
0.000571371
0.000516141
0.00052899
0.000503064
0.000514548
0.000506836
0.000587707
0.000509107
0.000571314
0.000503197
0.000598566
0.000502863
0.000551115
0.000503554
0.000507731
0.000501588
0.000537289
0.000514278
0.000525325
0.000507486
0.000557008
0.000505476
0.000559481
0.000514866
0.00059085
0.000509757
0.000508034
0.000501821
0.000572931
0.00050642
0.000513378
0.000498191
0.00053269
0.000505496
0.000585094
0.000515339
0.000560408
0.000510899
0.00055761
0.000507744
0.000527117
0.000513077
0.000538371
0.000506228
0.000590476
0.000504001
0.00053985
0.000514489
0.000534753
0.000499925
0.000539008
0.000511811
0.000523205
0.000509569
0.000572996
0.000508675
0.00058324
0.000502901
0.000601594
0.000511389
0.000524597
0.000499469
0.000551369
0.000510179
0.000513636
0.000498846
0.000565489
0.000507473
0.000579045
0.000514033
0.000544207
0.00051578
0.000512833
0.000514952
0.00051721
0.000510009
0.000589479
0.000509454
0.000538729
0.000514969
0.000566428
0.0005081
0.000581685
0.000501078
0.000545546
0.00050636
0.00051372
0.000502673
0.000566702
0.000514907
0.000562101
0.000513321
0.000568831
0.000518466
0.000524191
0.0005024
0.000523397
0.000500893
0.000522799
0.000516126
0.000549001
0.000513872
0.000579515
0.000503503
0.000527763
0.000500772
0.000563351
0.000503714
0.000513232
0.000508463
0.000557031
0.000502233
0.000567627
0.000505533
0.000599094
0.000512138
0.000517618
0.000505536
0.00055659
0.000510086
0.000601045
0.000505387
0.000533508
0.000502162
0.000510172
0.000502166
0.000561698
0.000502344
0.000595435
0.000514464
0.000516528
0.000512697
0.000531296
0.000503562
0.000554243
0.000499474
0.000566127
0.000508256
0.000515793
0.000501195
0.000547624
0.000510745
0.000558353
0.000501175
0.000602912
0.000500299
0.000536859
0.00051054
0.000517768
0.000508747
0.000556227
0.000500849
0.000586374
0.000512555
0.000577886
0.000498139
0.000520718
0.000507463
0.000545137
0.0005045
0.000517382
0.000504782
0.000581318
0.000511158
0.00055586
0.000514968
0.000544118
0.000513025
0.000559743
0.000502162
0.000518674
0.000510155
0.000565893
0.000499004
0.00057036
0.000504389
0.000527524
0.000507955
0.00054429
0.000509804
0.000555248
0.000513549
0.000514805
0.000500643
0.000567191
0.000498581
0.000572417
0.000505454
0.000543089
0.00051663
0.000533904
0.000497527
0.000510084
0.000517431
0.000567441
0.000502563
0.000586013
0.000508356
0.000516181
0.000499766
0.000560207
0.000512509
0.000553792
0.000509262
0.00059459
0.000505891
0.000516983
0.000510112
0.000555701
0.000514029
0.000536477
0.000506419
0.000515098
0.00051679
0.000541197
0.000510015
0.000598864
0.000500478
0.000575221
0.000507486
0.000596818
0.000507256
0.000550311
0.000504124
0.000531884
0.000505385
0.000510632
0.000507529
0.00053617
0.000501219
0.000586126
0.000505129
0.000567392
0.000500444
0.000518175
0.000503502
0.000546873
0.000500043
0.000527885
0.000501766
0.000589553
0.00050641
0.000570906
0.000500271
0.000559918
0.000504017
0.00052621
0.000515026
0.000533341
0.000512814
0.000563915
0.000498285
0.000531217
0.000515946
0.000547938
0.000507816
0.000553628
0.000504604
0.0005723
0.00051033
0.000509633
0.000502183
0.000586538
0.000502646
0.000560122
0.000502779
0.000534997
0.000511517
0.000550549
0.000494394
0.000605704
0.000509821
0.000536443
0.000508312
0.000520758
0.000511541
0.0005465
0.000500818
0.000523751
0.000500823
0.000522706
0.000500479
0.00057709
0.000496816
0.000555188
0.000509125
0.000580876
0.000507707
0.000584678
0.000503138
0.000577967
0.000512406
0.000529415
0.000504696
0.000557908
0.000501992
0.000510989
0.000501162
0.000533797
0.000500824
0.000569488
0.000500117
0.00053997
0.000502834
0.000592248
0.000509162
0.000524951
0.000510963
0.000579442
0.000516724
0.000542205
0.000511914
0.000527558
0.000510556
0.00058161
0.000500467
0.000507941
0.000507757
0.000572944
0.000505711
0.000512754
0.000506494
0.000572917
0.000515369
0.000542586
0.000500521
0.000532673
0.000503825
0.000598908
0.000499826
0.000552364
0.000512368
0.000522608
0.000505001
0.000539881
0.000497907
0.000560075
0.000503727
0.000597151
0.000503583
0.000506903
0.00050846
0.000531263
0.000513094
0.000554737
0.00051144
0.000559264
