1.397307094
1.391425163
1.3873195
1.392781835
1.385362596
1.389919315
1.390793608
1.387041587
1.392125909
1.396124424
1.396768024
1.390822398
1.389329058
1.381147784
1.391190223
1.396829623
1.396628902
1.39531533
1.39247584
1.38822605
1.391720052
1.395692392
1.38477315
1.391956379
1.391112577
1.394423506
1.38660702
1.401220614
1.398574003
1.391437955
1.381560163
1.39190269
1.390703532
1.385839722
1.388940727
1.39175567
1.394504075
1.397615796
1.38925881
1.390927423
1.396224529
1.390300796
1.394973648
1.384128786
1.392965591
1.395296127
1.396110331
1.391321268
1.3908315
1.384979052
1.386910231
1.392697975
1.393213869
1.387130755
1.391328481
1.391940782
1.383559866
1.397381445
1.392903047
1.392412325
1.395700101
1.38766541
1.384869481
1.390525177
1.394777027
1.395715174
1.384921903
1.389254349
1.388375067
1.388272171
1.392457356
1.391470198
1.391467033
1.389077271
1.39444658
1.38275116
1.390406899
1.387942683
1.391169168
1.385938178
1.38603987
1.385654415
1.392552148
1.392659959
1.388763321
1.382676025
1.394985511
1.399112148
1.382718158
1.389108361
1.387232167
1.388040623
1.392816519
1.389797701
1.392998356
1.383499627
1.39135347
1.388389428
1.38602787
1.389013149