0.000530729
0.000528945
0.000527888
0.000527667
0.000527323
0.000529927
0.000528289
0.000528788
0.000529853
0.00052936
0.000528852
0.000529262
0.000527852
0.000527998
0.000528665
0.000529069
0.000529607
0.000530834
0.000527145
0.000529283
0.000529936
0.00052997
0.000528637
0.000528227
0.000528802
0.000529544
0.000528865
0.000529434
0.000529345
0.000528225
0.000527218
0.000530158
0.000528315
0.000528139
0.000529123
0.000528304
0.000529723
0.000529046
0.000528494
0.000528044
0.000529582
0.000529586
0.000527799
0.000528178
0.000529679
0.0005308
0.0005307
0.000529395
0.000530335
0.000528729
0.000526787
0.000529031
0.000530284
0.000527884
0.000528513
0.000528542
0.000526405
0.00052859
0.000530463
0.000528314
0.000530021
0.000528301
0.000526906
0.000530741
0.000528203
0.000529511
0.000528599
0.000529303
0.00052921
0.000529534
0.00052981
0.000528009
0.000530428
0.000528659
0.000529737
0.000527879
0.000528772
0.000528819
0.000529609
0.000528373
0.00052911
0.000528621
0.000527214
0.000528412
0.000528093
0.000527763
0.000530493
0.000528963
0.000527382
0.000528746
0.000528009
0.000528714
0.000529606
0.000526782
0.000529151
0.000527453
0.000528995
0.00052699
0.000529318
0.000528937
