7541.316208
7496.317819
7473.899179
7511.789869
7460.124888
7501.061099
7478.291352
7466.213709
7530.12411
7513.017633
7510.844324
7485.136832
7490.932323
7479.449117
7515.970934
7511.868757
7518.354241
7506.101043
7533.824069
7488.424573
7497.9978
7561.531539
7485.301274
7518.205353
7476.64026
7519.074233
7470.07811
7543.125076
7538.949567
7484.435728
7471.092543
7506.214375
7491.728981
7463.445962
7500.244442
7495.830046
7509.358785
7550.209442
7487.017922
7511.095432
7512.098754
7478.469128
7498.728903
7487.974578
7511.316541
7524.181954
7526.206375
7515.33983
7503.987733
7478.869124
7495.73227
7487.923468
7490.432329
7473.080299
7497.365585
7511.405429
7498.322241
7535.002944
7495.188942
7508.347685
7522.920856
7502.225531
7499.89889
7515.476495
7514.963167
7507.241031
7450.649437
7482.479084
7496.142265
7462.670415
7508.11991
7503.312185
7487.393473
7482.614638
7526.257486
7451.874979
7500.122221
7488.494572
7485.732381
7486.27793
7474.875835
7491.048988
7511.14321
7525.69527
7493.355629
7466.809258
7494.384507
7538.059577
7474.502506
7498.166687
7490.978989
7498.803347
7481.491317
7489.357896
7519.430895
7497.230031
7503.13441
7467.754803
7475.790269
7489.13901