0.0005336
0.001891013
0.000514317
0.000544811
0.000554317
0.001744713
0.000512536
0.00196686
0.000808941
0.001086721
0.000890749
0.000737542
0.000610339
0.000786977
0.000692105
0.000875694
0.001180763
0.001002459
0.004096434
0.000611078
0.000725418
0.00050112
0.000947355
0.001760085
0.000505768
0.000669601
0.000800279
0.000764608
0.00064615
0.002794253
0.000581434
0.001677654
0.000854336
0.000680782
0.001310045
0.000544278
0.000546979
0.000998318
0.000573975
0.002588755
0.00054476
0.000698065
0.000720359
0.000702546
0.000853693
0.004016594
0.000518356
0.001155689
0.000887096
0.000829205
0.000504637
0.00361411
0.000943688
0.000609672
0.0011898
0.000534402
0.000551686
0.0005115
0.000563433
0.001474838
0.001108346
0.000723079
0.000543444
0.000561723
0.000844693
0.001163924
0.000661562
0.004104709
0.000593547
0.000669605
0.000500358
0.001366647
0.002550895
0.000521085
0.000604893
0.000584782
0.000673909
0.000499601
0.002368419
0.000573488
0.001917333
0.000499754
0.000595817
0.000983754
0.000938473
0.000514187
0.000846569
0.001328289
0.00050504
0.001782613
0.000583478
0.0005525
0.000515978
0.001742135
0.000501209
0.00203735
0.000526891
0.00069206
0.00089121
0.001842008
0.000546548
0.000499068
0.002868899
0.000547595
0.00131017
0.000503027
0.000584993
0.000516347
0.000663211
0.002115824
0.000518424
0.000945646
0.001010449
0.000511648
0.002248615
0.00085214
0.000555366
0.000508504
0.001155638
0.001697923
0.00054142
0.000511728
0.001032607
0.000599935
0.003840926
0.000530816
0.001499237
0.000507828
0.000763308
0.000527343
0.000530235
0.001799329
0.000615031
0.001266367
0.000526078
0.002247228
0.000507841
0.000547068
0.001449075
0.000746362
0.000601124
0.000889572
0.002077175
0.001019364
0.000583995
0.000544338
0.00060671
0.0014174
0.001577869
0.001407045
0.000502192
0.001354872
0.000504917
0.000797996
0.000749703
0.002518358
0.00116508
0.001097455
0.000681394
0.000582552
0.000816443
0.000994178
0.003264231
0.000685048
0.000761766
0.000803229
0.001023843
0.000928033
0.001349555
0.000603702
0.000519575
0.003550116
0.000596576
0.001470367
0.000698814
0.000577134
0.000633149
0.000551466
0.001493563
0.000501864
0.000689821
0.000962477
0.000569637
0.003574355
0.000545804
0.001676884
0.000686733
0.000758893
0.000542833
0.000506473
0.000648403
0.00056238
0.00069729
0.000957406
0.000546425
0.000763808
0.001482577
0.000778844
0.000827564
0.003839725
0.002406495
0.001034403
0.001075174
0.000550147
0.000585845
0.00055855
0.000500282
0.001720391
0.000776387
0.000778146
0.000540614
0.000726559
0.00090528
0.000552848
0.000711655
0.000567458
0.002795509
0.001152375
0.002130306
0.000626215
0.000552171
0.001793966
0.001238749
0.001047776
0.001353116
0.000685823
0.000711621
0.001863174
0.000533086
0.000638617
0.000589731
0.003036578
0.000509483
0.001468629
0.000512155
0.000740184
0.000875241
0.000931541
0.00107605
0.000552558
0.000742751
0.000499746
0.003195586
0.000529256
0.00167211
0.000518675
0.000816999
0.00050788
0.001030375
0.000584178
0.001345507
0.000508423
0.000557763
0.000522375
0.00117782
0.000515994
0.003817661
0.000532005
0.000794525
0.000501942
0.001723864
0.00099879
0.000606574
0.000839237
0.00352925
0.000577493
0.000693924
0.000568432
0.000720216
0.000596337
0.000500816
0.000847401
0.0005037
0.001377834
0.000884089
0.00130848
0.001071433
0.000652416
0.000500026
0.001891107
0.000840632
0.000548562
0.000780835
0.000571448
0.001574673
0.00088738
0.000576789
0.000643337
0.00368805
0.000531071
0.001206394
0.000501066
0.003756243
0.000534175
0.000831215
0.000721835
0.000541667
0.000710741
0.000502521
0.00085158
0.000544837
0.00130422
0.001165486
0.000714534
0.000670884
0.000826858
0.000542198
0.000505228
0.003834076
0.0005462
0.001357354
0.000567323
0.000561231
0.000509353
0.002257079
0.000504013
0.002386478
0.000498819
0.000946341
0.000540853
0.002362445
0.000773747
0.000631264
0.001011386
0.002495233
0.00059409
0.000643125
0.000566182
0.000859021
0.000499603
0.000640627
0.000630585
0.00064333
0.000594562
0.003709503
0.001044775
0.00098898
0.001015086
0.001092053
0.000969669
0.000711704
0.000545912
0.000687687
0.00051227
0.002158991
0.000509697
0.002628919
0.000500416
0.001171765
0.000808407
0.000586704
0.000609135
0.000534341
0.00071668
0.000582669
0.002094078
0.00139093
0.001399185
0.000956785
0.00157944
0.000673961
0.001056242
0.000564232
0.000609757
0.000564063
0.004278095
0.000642573
0.001761453
0.000555761
0.000569041
0.001018791
0.000541647
0.000724069
0.000737075
0.000502098
0.000956394
0.000498747
0.000765716
0.002974911
0.001090538
0.002679738
0.000723378
0.000566595
0.002092399
0.000545796
0.000579955
0.00052229
0.00145979
0.000611051
0.000506685
0.001864443
0.000567601
0.000516957
0.000671658
0.000577349
0.00374628
0.000824983
0.00085175
0.000747001
0.000652457
0.000666009
0.000853063
0.000595757
0.000600098
0.00135287
0.001104958
0.000957689
0.00071527
0.003227107
0.000525462
0.00094113
0.000631712
0.003015415
0.000585023
0.000597026
0.000550043
0.000788563
0.001098844
0.001758777
0.000868103
0.001995408
0.000855624
0.000721947
0.000686149
0.000838845
0.002079443
0.000502176
0.000967355
0.000529379
0.000743813
0.00061759
0.000518216
0.000849173
0.000499079
0.002182439
0.000900992
0.002337462
0.000508926
0.00061667
0.000704784
0.000981981
0.000505885
0.003628181
0.000688911
0.00055195
0.000597612
0.000593913
0.000755006
0.000500196
0.001432214
0.000579643
0.000717231
0.000506057
0.000552585
0.000631137
0.001395127
0.004159185
0.000531457
0.000928894
0.000774707
0.000510826
0.000655518
0.000932115
0.000509254
0.002593524
0.001000838
0.001675604
0.000607308
0.000854606
0.000553563
0.000586637
0.002900682
0.000531711
0.000619384
0.000717468
0.002597168
0.000765776
0.00077878
0.000504523
0.000671668
0.000641966
0.001892027
0.000568257
0.000692016
0.0011549
0.002914222
0.000506978
0.000854582
0.000759766
0.000694684
0.000655724
0.003178115
0.000605041
0.000578254
0.000504007
0.001825159
0.00055823
0.001199507
0.000513212
0.000787398
0.000851829
0.001862309
0.000633581
0.001897525
0.000519809
0.002012836
0.000516835
0.000745494
0.000569854
0.000501169
0.000510287
0.001600172
0.000549271
0.003549051
0.000859566
0.000790139
0.000586984
0.00054082
0.000592742
0.001021538
0.000584313
0.002890242
0.000522672
0.002165938
0.000853203
0.000574652
0.000582848
0.000790256
0.000868239
0.000504716
0.000660313
0.000975296
0.000856355
0.001665909
0.000501137
0.001145184
0.002371779
0.000695751
0.000688096
0.000521358
0.000836413
0.000522381
0.001988604
0.000578924
0.000646739
0.00060974
0.000808024
0.000976282
0.003056926
0.000620976
0.003693956
0.000534633
0.000839718
0.000690384
0.001974009
0.000511284
0.000750936
0.000579924
0.000540857
0.000526065
0.000764832
0.00074253
0.000529746
0.002082436
0.000728943
0.000687222
0.000535852
0.003089009
0.000715102
0.0005279
0.000824326
0.001513431
0.000502585
0.001081432
0.000555427
0.000716293
0.00139565
0.000758887
0.000824221
0.001952903
0.000609247
0.000542076
0.000634614
0.000529301
0.003231415
0.000562663
0.000985509
0.000539995
0.001786894
0.001002631
0.000514559
0.000689198
0.000499776
0.000748156
0.000613633
0.001173333
0.000508119
0.003524396
0.000500237
0.001298728
0.000689963
0.000697608
0.001931489
0.000510241
0.000549793
0.0010032
0.000916164
0.000499362
0.002556296
0.000675177
0.001372911
0.000511606
0.003220501
0.000630316
0.001399156
0.000550075
0.000805056
0.000788148
0.000540594
0.000554828
0.000821973
0.000915441
0.001988103
0.000658974
0.001045882
0.000512321
0.002644112
0.000547738
0.000622041
0.00074767
0.000567968
0.000682968
0.000764687
0.000695822
0.0030379
0.000508888
0.000580115
0.00103417
0.000733897
0.001913072
0.0005218
0.002857781
0.000959264
0.001661677
0.000565273
0.000733843
0.00050153
0.000720603
0.001028378
0.000633544
0.000913535
0.000502403
0.00078163
0.000867724
0.001437927
0.000750089
0.002134127
0.000500492
0.000514279
0.001478828
0.000556645
0.004238727
0.000574618
0.000595616
0.000658668
0.000777609
0.000679012
0.000719975
0.000710456
0.001583976
0.000808298
0.000570394
0.001131029
0.001475524
0.001028417
0.000668728
0.001441879
0.001734411
0.001101535
0.001158855
0.000567978
0.001692924
0.000505496
0.001736447
0.000530862
0.001034965
0.000578756
0.002177962
0.000635138
0.000659564
0.00286642
0.00050137
0.000888891
0.000501576
0.000651277
0.001566519
0.000504486
0.001362726
0.000523306
0.000527971
0.002126184
0.000509198
0.002289948
0.000745636
0.001736517
0.000564272
0.000645542
0.000588738
0.000835502
0.000572576
0.000718188
0.000532024
0.002394921
0.000576608
0.001896302
0.001197792
0.000666179
0.000954353
0.00078883
0.000551724
0.000674234
0.000508539
0.001649729
0.00052382
0.003390926
0.000518681
0.000559246
0.000535307
0.001285327
0.00068209
0.000798379
0.001633121
0.000564297
0.0034514
0.000696273
0.000718655
0.001123887
0.000547446
0.000804505
0.000612864
0.000687948
0.00053727
0.000764597
0.003821173
0.000520556
0.000564502
0.000519728
0.001510082
0.000564775
0.00111116
0.000526562
0.001054466
0.000668665
0.002249896
0.000509039
0.000570153
0.000510116
0.002730077
0.000703757
0.000748191
0.000681696
0.000845261
0.000612629
0.002884829
0.001066396
0.000647695
0.00064704
0.000598556
0.000524645
0.002070776
0.001262694
0.000813149
0.00058068
0.002672873
0.000568987
0.000553434
0.000897267
0.000900163
0.000535488
0.00151508
0.000627045
0.000884567
0.000569247
0.000502253
0.002918653
0.0005102
0.000950182
0.000503785
0.002160611
0.000540823
0.000756127
0.000565769
0.004059209
0.000643254
0.000681532
0.001932606
0.000666088
0.000648139
0.000589
0.000774569
0.00115324
0.000512349
0.003157935
0.000531704
0.000585495
0.00080133
0.000657506
0.001492461
0.000770574
0.000518524
0.000999247
0.000606984
0.001949775
0.001089587
0.000524606
0.000571307
0.000652955
0.000727535
0.000590508
0.002808023
0.000822942
0.000647495
0.00140396
0.001192103
0.002574362
0.000730603
0.000890427
0.000501971
0.000925688
0.000538778
0.001132042
0.000546957
0.001087979
0.001034441
0.001139393
0.000562491
0.002044135
0.001001937
0.001052166
0.000562222
0.000612662
0.000772672
0.001449817
0.000545504
0.002422051
0.000665438
0.000508299
0.002249886
0.00050404
0.000546251
0.000589077
0.000509699
0.002170293
0.000521458
0.001227938
0.000637728
0.002954738
0.000539792
0.00064562
0.00054578
0.00115583
0.001335335
0.001547588
0.001317998
0.000602821
0.000759148
0.001673111
0.000593859
0.000874303
0.001152004
0.001032935
0.00087833
0.001292904
0.000761078
0.001375849
0.000502604
0.002640772
0.000556622
0.000946107
0.000611253
0.003021686
0.000591941
0.001342765
0.000512973
0.001217778
0.000498221
0.001154345
0.000524849
0.000609491
0.00050514
0.000630121
0.000575561
0.003492503
0.000583141
0.0022054
0.00070594
0.000928154
0.00051794
0.00058195
0.000531629
0.001307364
0.000816244
0.000955604
0.000524196
0.004275382
0.000821786
0.000579255
0.000656904
0.000634768
0.000518385
0.000589225
0.00250547
0.000893125
0.000947713
0.000527535
0.000519056
0.000603867
0.000803615
0.002516267
0.000581685
0.000612523
0.001048813
0.00050013
0.000808715
0.000559833
0.000670336
0.00072244
0.002268078
0.000504771
0.002655622
0.000514793
0.003060276
0.000564751
0.000696884
0.00128284
0.000821572
0.000711974
0.000588224
0.000975497
0.001220467
0.001634345
0.00099591
0.001594315
0.000901176
0.000505592
0.000541534
0.000734204
0.001463576
0.000703913
0.001464265
0.003811975
0.000554954
0.000618307
0.000505603
0.001085487
0.000639087
0.0006107
0.001908871
0.000608075
0.000578677
0.000801543
0.000982013
0.000567361
0.003730741
0.000643455
0.000551518
0.000597102
0.000624999
0.000806272
0.001406409
0.000747869
0.000600557
0.000762479
0.000628851
0.000557007
0.000707208
0.002613922
0.000527783
0.003157837
0.000780749
0.000635368
0.000572914
0.000542669
0.000521582
0.00262623
0.00186168
0.000540967
0.002020653
0.00050761
0.00068092
0.001261085
0.000515186
0.00346121
0.000502414
0.000589764
0.000591834
0.000672809
0.000572203
0.001447433
0.000541129
