8.265082699
9.292000593
8.210615928
8.411761171
8.870383313
8.519216852
8.887329662
8.335408775
8.089939396
8.044252559
8.24382467
8.143116445
8.39737237
8.315389356
8.707220514
8.090877011
9.10153854
8.595214485
8.522676971
8.99906231
8.123175838
8.691770336
8.460522953
8.377015343
8.194518918
8.360951022
8.805542515
7.777715414
8.648592349
8.264817816
8.639498629
8.256267072
8.485428186
9.162574594
8.352881456
8.47360137
9.129314419
8.00134416
8.383840021
8.928804473
8.577267584
8.775268707
8.058666117
7.924197033
8.31160035
8.7695049
8.059158185
8.6756881
8.688227488
8.446147863
8.22832747
8.608960913
8.415637771
8.183036686
8.626462086
8.618445034
8.449443666
8.220838325
8.48575169
8.200120288
8.158519236
8.423073186
8.539507689
8.549109223
8.297637439
8.035653833
8.979881681
9.030096323
8.248288603
8.060214911
8.602561594
8.362503789
8.377512327
8.898865482
8.611415893
8.330026583
8.579236258
8.361430636
8.258166488
9.150635102
8.27662827
8.543047644
8.315709869
8.224714103
8.338259297
8.390161407
8.917919711
8.605009629
8.105905304
8.722833585
8.990939464
8.511556666
8.409286033
8.479214425
8.573621482
8.853439411
8.686416076
8.984328062
8.547190338
8.279111133