0.001016055
0.001148829
0.001010817
0.001036591
0.001094552
0.0010506
0.001099226
0.001024499
0.000992637
0.000988828
0.001016449
0.00100081
0.001036173
0.001024252
0.001073361
0.000995547
0.001123287
0.001061083
0.001052209
0.001112794
0.001000137
0.001072063
0.001041923
0.00103036
0.001009857
0.001030034
0.00108749
0.000954346
0.001065897
0.001018274
0.00106613
0.001013878
0.001044412
0.00113247
0.001025092
0.001045673
0.001128735
0.000981853
0.001028907
0.001101438
0.001059782
0.001085024
0.000992905
0.000973797
0.001023598
0.001081176
0.000990442
0.001069035
0.001069145
0.001040932
0.001010605
0.001061478
0.001034741
0.001008341
0.001065384
0.001065089
0.00104165
0.001013206
0.001043445
0.001010067
0.001003752
0.001037692
0.00105192
0.001052191
0.001019156
0.000987392
0.001109784
0.001112731
0.001013538
0.000990493
0.001062109
0.001029152
0.00103359
0.001096186
0.001060536
0.001027401
0.001057636
0.001029488
0.001017352
0.001133051
0.001019054
0.001052688
0.001022426
0.001015814
0.001029191
0.001035131
0.001101706
0.001061026
0.000998897
0.001075066
0.001109471
0.00105016
0.001037375
0.001044369
0.001054958
0.001092608
0.001072322
0.001110577
0.001053043
0.001019419
