28857.50158
28845.20616
28839.34512
28845.72505
28854.03273
28847.17836
28800.30333
28908.19102
28903.21996
28867.05259
28743.1673
28846.69615
28835.53627
28849.27279
28830.61966
28848.12502
28870.49588
28799.04001
28793.35007
28813.53541
28775.10361
28843.02508
28847.7328
28830.06522
28829.45967
28841.32399
28809.72211
28834.53962
28892.06675
28824.1364
28820.5531
28902.54775
28815.88427
28919.76089
28842.20175
28810.80544
28915.12094
28834.78628
28922.26642
28890.80455
28830.05855
28747.7128
28820.94421
28848.83501
28895.37561
28865.66705
28855.36938
28888.8879
28896.23782
28826.59082
28906.51659
28901.32554
28891.05677
28824.43862
28822.14309
28770.94366
28793.02674
28810.80988
28920.23533
28798.56224
28852.29164
28834.12851
28877.99247
28861.94709
28894.55895
28824.18084
28854.51051
28925.22305
28837.28514
28868.51924
28864.22595
28795.22672
28807.01992
28940.58066
28856.17938
28790.75455
28839.09068
28811.90765
28871.13588
28751.50832
28818.3398
28869.02146
28847.2217
28753.59607
28799.34667
28769.38145
28865.11594
28810.70099
28775.42916
28875.39694
28878.13024
28812.51986
28772.45253
28839.53845
28855.17939
28835.99738
28851.70165
28902.48442
28874.37473
28833.9874