0.000826576
0.000672731
0.000551105
0.000622544
0.000637016
0.000617354
0.000623252
0.000517545
0.000707542
0.000627739
0.00053554
0.000531575
0.000624994
0.000731716
0.000767665
0.000572628
0.000557235
0.000653022
0.000796164
0.000636006
0.000683182
0.000638871
0.000578314
0.000530174
0.00055439
0.000640601
0.000721619
0.000697619
0.000557712
0.000805102
0.00064889
0.000537277
0.000670091
0.000830608
0.000598114
0.000681768
0.000568785
0.000541112
0.000675032
0.000661382
0.00062902
0.000650667
0.000537688
0.000758196
0.000599387
0.000721552
0.000575938
0.000516337
0.000600493
0.000819433
0.000755929
0.000567319
0.000799805
0.00071423
0.000587779
0.000598347
0.000542059
0.000641294
0.000648817
0.000554235
0.000668837
0.000602121
0.000563579
0.000525874
0.000696067
0.000551355
0.000808252
0.000651008
0.000552667
0.00077986
0.000776944
0.000580856
0.000555609
0.000529418
0.000638361
0.000647685
0.000568701
0.000778878
0.000598616
0.000725125
0.000787985
0.000769773
0.000634479
0.000684981
0.000550455
0.000613446
0.000530794
0.000669139
0.00053181
0.000641825
0.000811227
0.000628096
0.000553547
0.000681717
0.000594133
0.000660067
0.000545813
0.000790149
0.000534165
0.000621562
0.000608247
0.000535273
0.000680873
0.00079555
0.000550806
0.000597536
0.000678386
0.000753366
0.000683359
0.000521184
0.00070521
0.00070748
0.000773295
0.000721805
0.000630623
0.000560912
0.000650212
0.00052278
0.000532948
0.000596528
0.000802837
0.000621444
0.000567385
0.000609482
0.000655466
0.000662777
0.000601029
0.000529404
0.000604437
0.000767231
0.000596401
0.000722768
0.000628915
0.000524876
0.000534889
0.000621598
0.000789271
0.000630423
0.000808592
0.000562307
0.000556887
0.000568337
0.00060674
0.000665252
0.000802895
0.000544409
0.000567288
0.000665385
0.000796699
0.000637413
0.000664101
0.000690804
0.000731132
0.000710395
0.000527627
0.00083147
0.000578387
0.000531023
0.000576207
0.000579469
0.00060944
0.000768255
0.0007298
0.000536759
0.000637814
0.00067715
0.000632312
0.000519806
0.000561685
0.000738497
0.000544459
0.000685369
0.000547384
0.000667376
0.000719894
0.000573989
0.000732874
0.000646669
0.00063016
0.000650809
0.000596398
0.000686544
0.000642731
0.00061308
0.000549757
0.000584613
0.000826858
0.000616401
0.000529669
0.000748764
0.000689138
0.000654637
0.000545098
0.000586211
0.000731846
0.000530971
0.000583417
0.00063734
0.000600625
0.000821316
0.000516378
0.000577732
0.000760031
0.00057853
0.000715632
0.000677499
0.000677988
0.00060071
0.000566093
0.000746011
0.000670968
0.000575471
0.000787034
0.000772053
0.000605592
0.000663431
0.0006515
0.000536793
0.000619324
0.00052037
0.000637092
0.000603647
0.000758006
0.000574507
0.000819839
0.000540936
0.000675717
0.000520801
0.000704193
0.000564707
0.000522639
0.000792437
0.000613954
0.000612246
0.00076512
0.00060846
0.000552934
0.000568061
0.000765975
0.000615456
0.000542283
0.000531011
0.000684673
0.000784636
0.000625146
0.000660481
0.000595248
0.000740707
0.000691907
0.000550637
0.000614587
0.000537331
0.000586851
0.000706773
0.000556528
0.000825959
0.000640107
0.000597434
0.000680092
0.000672176
0.000673323
0.000535528
0.000696144
0.000616836
0.000607099
0.000534401
0.000821694
0.000727536
0.000625845
0.000553343
0.000651366
0.000616214
0.000813272
0.000524551
0.000700187
0.000616652
0.000781107
0.000540913
0.000597362
0.000571904
0.000688819
0.000746023
0.000774029
0.000538193
0.00062128
0.000568369
0.000751562
0.000561446
0.000549476
0.000607368
0.000750816
0.000749236
0.00055494
0.000575369
0.00055894
0.000642714
0.000517008
0.000652165
0.000800833
0.000595973
0.000779386
0.000563857
0.000636048
0.000593493
0.000721534
0.000753352
0.000748326
0.000520435
0.000563561
0.000555556
0.000700451
0.000559694
0.000575964
0.00075726
0.000576595
0.000726587
0.000522849
0.00066623
0.000622611
0.000708192
0.000564022
0.000772422
0.000553327
0.000608747
0.000650907
0.000670022
0.000544371
0.000664297
0.000806764
0.000573056
0.000523498
0.000694388
0.000718806
0.000639329
0.000558398
0.000569699
0.000808379
0.000582139
0.000692468
0.000628323
0.000792416
0.000544719
0.000594414
0.000637417
0.000527316
0.000705049
0.000696404
0.000572965
0.000603343
0.000714336
0.000675987
0.000736402
0.000714076
0.000810595
0.000577999
0.000645714
0.000595988
0.000530585
0.000580289
0.000536249
0.000764288
0.000563485
0.000522671
0.000745043
0.000588824
0.000537568
0.000638498
0.000727664
0.000648691
0.000680946
0.000527235
0.000588767
0.000620124
0.00057941
0.000823657
0.000600702
0.00069351
0.000739432
0.000559335
0.000698688
0.00071372
0.000527959
0.000575137
0.000595149
0.000776739
0.000638673
0.000611696
0.000757761
0.00057572
0.000642424
0.000591984
0.000606486
0.000529886
0.000535629
0.000606427
0.000764989
0.000751984
0.000675149
0.000586593
0.000751436
0.000645366
0.000564386
0.000571369
0.000748037
0.000766788
0.000754609
0.000530503
0.000629942
0.000618494
0.000576142
0.00063408
0.000670459
0.000563982
0.000823907
0.000568578
0.0006016
0.000662551
0.000745558
0.000566102
0.000550085
0.000518152
0.000627621
0.000789545
0.000622031
0.000663649
0.000670636
0.000748154
0.000541731
0.000656944
0.000563634
0.000720333
0.000564333
0.000524454
0.000743243
0.000680544
0.000772204
0.000604696
0.000669129
0.000586569
0.000539897
0.000552481
0.000579352
0.000749868
0.00061018
0.000677613
0.000543912
0.000748256
0.000630578
0.000786069
0.000522937
0.000585291
0.000526665
0.000703606
0.000692027
0.000685826
0.000776833
0.000672397
0.000557189
0.000536501
0.000662862
0.000750883
0.000836209
0.000738722
0.000608944
0.000582878
0.000525919
0.00056755
0.000553633
0.000651032
0.000621613
0.00053949
0.000702177
0.000603257
0.00055956
0.000522639
0.000685556
0.000793597
0.000662927
0.000709071
0.000622824
0.000688841
0.000591738
0.000779302
0.000546087
0.000774796
0.000550648
0.000551749
0.00071009
0.00055989
0.000671725
0.000523378
0.000571779
0.000618113
0.000688907
0.000766244
0.000577509
0.000640022
0.000587772
0.000830886
0.000605595
0.00064206
0.000691665
0.000817814
0.000599136
0.000536972
0.000616604
0.000559664
0.000758736
0.000546262
0.000662013
0.000800317
0.000691501
0.000529031
0.000580376
0.000614557
0.000674777
0.000688799
0.000734733
0.000528019
0.000562169
0.000825852
0.000590453
0.000741568
0.000653262
0.000670711
0.000559556
0.000646191
0.000539265
0.000556316
0.000619355
0.000699763
0.00069581
0.000759926
0.000544367
0.000620991
0.000827932
0.000548475
0.000578258
0.000564984
0.000569084
0.000627491
0.000673564
0.000748575
0.00057125
0.000536122
0.000617993
0.00081195
0.000563288
0.0005501
0.000717651
0.000721655
0.000536605
0.000605045
0.000589233
0.000588721
0.000798928
0.000585106
0.000614974
0.000623793
0.000748438
0.00052987
0.000811959
0.000539588
0.000579016
0.000620885
0.000541751
0.000669234
0.000662746
0.000777912
0.000664606
0.000666209
0.000557643
0.000672163
0.000640591
0.000671804
0.000830315
0.000529783
0.000596161
0.000553473
0.000686233
0.000607051
0.000757816
0.000617479
0.000529535
0.000594024
0.000630594
0.000537457
0.000638075
0.00068849
0.000828771
0.000559192
0.000633457
0.000653738
0.00080698
0.000637664
0.000767083
0.000584462
0.00051704
0.000712612
0.000551913
0.000569545
0.000826706
0.000629724
0.000663325
0.000762157
0.000525362
0.00056022
0.000687386
0.000646139
0.000548424
0.000521906
0.000633539
0.000699965
0.000571622
0.000625665
0.000585698
0.000643972
0.000753964
0.000557436
0.000805248
0.000674378
0.00078173
0.000702941
0.000656952
0.00063887
0.000620269
0.000642719
0.000608608
0.000531639
0.000540394
0.000778317
0.000537895
0.000536695
0.000787557
0.000619931
0.000685725
0.000549681
0.000719267
0.000606722
0.000593511
0.000694756
0.000593834
0.000571372
0.000693465
0.000578888
0.000720959
0.000639263
0.000560266
0.000533541
0.000806748
0.000752213
0.000640357
0.000645227
0.000647699
0.000816035
0.000535355
0.000572948
0.000673284
0.000532196
0.000565635
0.000634353
0.000547769
0.000633649
0.000586234
0.000516981
0.000588829
0.000716771
0.000801745
0.000789382
0.000592834
0.000570689
0.000720117
0.000618363
0.000599996
0.000577747
0.000528591
0.000568899
0.000741531
0.000808224
0.000685773
0.000781533
0.000706515
0.000716494
0.000568854
0.000708518
0.000547255
0.000610807
0.000609672
0.000562367
0.000597677
0.000668786
0.000644036
0.000664755
0.000572221
0.000539965
0.000560995
0.00053394
0.000776948
0.000797173
0.00063526
0.000524927
0.000685855
0.000663026
0.000670051
0.000554377
0.000765331
0.000610546
0.000543492
0.000832935
0.000589776
0.000558544
0.000660995
0.000801238
0.000607862
0.000733261
0.000595775
0.000749592
0.000608003
0.000529662
0.000552883
0.00054796
0.000552982
0.000518014
0.000736146
0.000729379
0.000589462
0.000617516
0.000685224
0.000819601
0.000628617
0.000660417
0.000610991
0.000783933
0.000547538
0.000625108
0.000538641
0.000533857
0.000690355
0.000598501
0.000809993
0.00054437
0.00054006
0.000833213
0.000633384
0.000691454
0.000561888
0.000546919
0.00074462
0.00061261
0.000726152
0.000577779
0.000548554
0.000702726
0.000809266
0.000582161
0.0006222
0.000779626
0.000545843
0.000690575
0.000557676
0.000769577
0.000718424
0.00078287
0.000564097
0.000537211
0.000555004
0.000619808
0.000552141
0.000651221
0.00064172
0.000713214
0.000659197
0.000558844
0.000797163
0.000554174
0.000634351
0.000624488
0.000598072
0.000632765
0.000645115
0.000589288
0.000612171
0.000657948
0.000769147
0.000677893
0.00066638
0.000577461
0.000531155
0.000808154
0.000522926
0.000825528
0.000563667
0.000572231
0.000753609
0.000668785
0.000517428
0.000633713
0.000601951
0.000723441
0.000537324
0.000578613
0.000607956
0.000659582
0.000819571
0.00072136
0.000616696
0.000579917
0.000600726
0.000517657
0.000693719
0.000616833
0.000671118
0.000589647
0.000545082
0.000666359
0.00078667
0.000639961
0.000685079
0.000693439
0.000517235
0.000525065
0.000796883
0.000647631
0.000645689
0.000805427
0.000612344
0.000564128
0.000608633
0.000544656
0.000673105
0.000624487
0.00052289
0.000737965
0.000635106
0.000567574
0.00057141
0.000678453
0.00053894
0.000805417
0.000734791
0.000551975
0.000638236
0.000677604
0.000611644
0.000521422
0.000708056
0.000744606
0.000646958
0.000581622
0.000742266
0.000563944
0.000604269
0.000718625
0.000674198
0.00068484
0.000733242
0.00055699
0.000784472
0.000521248
0.000551343
0.000680966
0.000572015
0.000787771
0.000766877
0.000625337
0.00055812
0.000716364
0.000626199
0.000548757
0.000542786
0.000664717
0.000684599
0.000536797
0.00062922
0.000518734
0.000566917
0.000630371
0.000624789
0.000723196
0.000824401
0.000531882
0.000761308
0.0006233
0.000604205
0.000809425
0.000602648
0.000560999
0.000685983
0.000648024
0.00058476
0.000544416
0.00060282
0.00052924
0.0006188
0.000767878
0.00061416
0.000729876
0.000575578
0.000737738
0.000671331
0.000596203
0.000604682
0.000747272
0.000598618
0.000580467
0.000685876
0.000818701
0.000587812
0.000606181
0.000543621
0.000560484
0.000550621
0.0006238
0.000544557
0.000612053
0.000656444
0.00076261
0.0005534
0.000782539
0.000728528
0.000793073
0.000655511
0.000681319
0.000539574
0.00056651
0.000652786
0.000743032
0.000548581
0.000539531
0.000705623
0.000608783
0.000608517
0.000642149
0.000719901
0.000795793
0.000649326
0.000543498
0.000601605
0.000710256
0.000518918
0.000613684
0.000552231
0.000545779
0.000644058
0.000533053
0.000678475
0.000715024
0.000745207
0.000584603
0.000784944
0.000552158
0.000701295
0.000811668
0.000577949
0.000672459
0.000537682
0.000610368
0.000538953
0.000746399
0.000635858
0.000691391
0.000527319
0.000581276
0.000708865
0.000573759
0.000530346
0.000764192
0.000814598
0.000644541
0.000588153
0.000777296
0.000519645
0.000622895
0.000665294
0.000561124
0.000541506
0.000726705
0.000701871
0.000608053
0.000691797
0.000677381
0.000804374
0.000699894
0.000543752
0.000655298
0.000558316
0.00059222
0.000594656
0.000768274
0.000516745
0.000556906
0.000719527
0.000752858
0.000585097
0.000743653
0.000745603
0.000608485
0.000536488
0.000620891
0.000537935
