3.613688641
3.621880458
3.613132652
3.627731365
3.624577467
3.626253294
3.623048951
3.611214191
3.62313627
3.626673386
3.618174211
3.626434509
3.626570746
3.625392006
3.618502141
3.627428499
3.636086752
3.609033933
3.613755564
3.597565497
3.628228511
3.608993859
3.624798879
3.624906821
3.610623767
3.631496521
3.606589539
3.627274545
3.618155716
3.611513365
3.638640893
3.631223847
3.625181684
3.625150853
3.610435952
3.615732855
3.618670279
3.630830356
3.620012423
3.624375497
3.621161628
3.62236347
3.616774203
3.621786421
3.624884897
3.615067633
3.626318318
3.622514153
3.628994225
3.627870312
3.630186025
3.626485566
3.625236418
3.616338223
3.625850756
3.622372706
3.614586214
3.619140166
3.635480383
3.626141304
3.630057172
3.60640258
3.607884332
3.633789108
3.6129101
3.596698713
3.619643251
3.628701734
3.631408965
3.612305143
3.635857072
3.614770518
3.621750453
3.628496473
3.651207451
3.621945326
3.603155859
3.633064934
3.621887902
3.611110802
3.623377585
3.620074632
3.628568834
3.629436339
3.625935296
3.615174651
3.630048648
3.623167386
3.620351801
3.612435658
3.605977321
3.603763106
3.643291697
3.61552958
3.618720366
3.610929128
3.636452474
3.629135751
3.627087374
3.627991517