0.00064059104644139
0.00064085220263599
0.00064079194540834
0.00064138647452425
0.00064100464970253
0.00064112497982371
0.00064019734427993
0.00064036599892186
0.00064161261016828
0.00064234783389801
0.00064080758627218
0.00064050418449178
0.00064230427859113
0.0006422170250494
0.00064139683751595
0.00064212685393923
0.00064160283081484
0.00063995665373675
0.00063974398847708
0.00063836499447189
0.00064176786553059
0.00064018346882118
0.0006401698529569
0.00064214283468922
0.00064082244674546
0.00064178687053494
0.00063940346799199
0.00064143882444658
0.00064076968230028
0.00063992013719682
0.00064370479526398
0.00064171323203161
0.00064087947319187
0.00064163715950081
0.000638927861384
0.00064055518348942
0.00064197348962975
0.00064319245338168
0.00064157501615131
0.00064043954076756
0.00064055116957201
0.00063888283686915
0.00064037504203352
0.0006406002326152
0.00064025791964007
0.00063996584267298
0.00064418227985153
0.0006403344731709
0.00064278582273227
0.00064123967855406
0.00064314974203218
0.00064073824499489
0.00064050243545857
0.00064124653029285
0.00064197031903198
0.00064137764751393
0.00063995996267975
0.00064070964000967
0.00064306036099331
0.0006425248487752
0.00064225233462337
0.00063994147912749
0.0006399825699499
0.00064170020495309
0.00063947961490904
0.0006382901696006
0.00064118341401352
0.00064222203796648
0.00064114755512207
0.00063943521461814
0.00064401870722533
0.00063966874807273
0.00064288163607872
0.00064010980993425
0.00064375957738884
0.00064184762823036
0.0006393325132321
0.00064179330729977
0.00064127366373386
0.0006401131509145
0.00063974145555604
0.00064127244292801
0.00064252729187273
0.00064198151698351
0.00064261666439475
0.00063950819275384
0.00064269911264033
0.00064067136658363
0.00064124726791717
0.00063942741604277
0.00063682190462281
0.00063753024616736
0.00064284516336436
0.00064015453303141
0.00063989675030229
0.00063869312570231
0.0006426643366637
0.00064169461961475
0.00064121298506891
0.00064088716190931
