18708.78324
18747.8328
18736.52626
18765.20594
18765.25039
18766.33371
18741.96287
18731.08521
18767.66591
18737.64403
18741.04066
18798.21335
18745.07061
18740.72288
18685.03794
18755.33494
18777.46358
18737.23848
18742.19398
18714.99872
18758.27602
18751.0461
18784.98017
18709.01323
18724.73306
18749.79389
18734.97406
18735.54849
18755.94827
18733.30074
18737.30625
18761.99153
18792.34342
18751.38054
18725.12083
18706.58215
18758.24158
18754.08495
18722.33975
18790.52011
18792.24231
18762.37042
18739.40956
18769.66478
18801.39332
18750.20389
18713.99096
18764.14484
18775.95249
18785.7946
18777.26025
18824.82084
18778.94023
18722.21642
18765.11817
18782.99463
18697.71558
18770.88588
18769.68034
18729.59967
18753.54829
18706.87881
18733.18074
18766.69593
18751.36054
18694.34229
18747.20281
18755.23939
18788.07013
18778.60468
18823.24641
18729.63189
18720.21089
18819.11757
18821.44421
18732.74741
18736.96626
18767.40925
18761.94487
18670.12922
18744.44284
18734.83628
18744.02951
18760.08044
18738.50179
18733.73518
18780.12911
18755.93271
18738.3818
18721.69643
18764.85706
18728.67079
18781.95464
18747.97724
18745.05728
18768.82701
18785.84794
18770.15811
18771.68476
18810.87432