0.000563497
0.000524349
0.000543425
0.000563213
0.000551494
0.000524394
0.000507869
0.000538928
0.000515517
0.000578141
0.000527114
0.000569704
0.000519034
0.000527296
0.0005188
0.000548836
0.000576931
0.000513762
0.000555062
0.00054373
0.000579294
0.000514214
0.000546116
0.000529426
0.000535683
0.000516449
0.000544724
0.000567196
0.000516698
0.000557526
0.000538645
0.000536772
0.0005567
0.000534629
0.00050509
0.000534511
0.000509447
0.000561961
0.000540872
0.000583858
0.000526401
0.000584647
0.000524003
0.000519047
0.000548788
0.000545016
0.000552299
0.000530811
0.000534074
0.000571258
0.000531801
0.000561816
0.000506736
0.000523477
0.000515365
0.000555101
0.000560709
0.000554042
0.000531041
0.000579913
0.000546858
0.000558715
0.000508244
0.00056971
0.000537452
0.000560455
0.000531952
0.000558247
0.000518106
0.000522138
0.000535254
0.000548767
0.000544964
0.000509196
0.000540364
0.000545446
0.000572899
0.000562382
0.000543418
0.000516073
0.000519912
0.000533952
0.00051804
0.000550467
0.000566354
0.000559758
0.000576419
0.000538039
0.000527727
0.000519547
0.000507735
0.00056305
0.000555265
0.000551795
0.000518156
0.000523719
0.000516516
0.000550994
0.000561193
0.000559852
0.000545117
0.000525852
0.000548945
0.000562473
0.00050934
0.000574839
0.00053108
0.000569576
0.000520843
0.000530039
0.000533507
0.000533231
0.000556732
0.000507501
0.000516759
0.000568385
0.000553606
0.000550252
0.000521752
0.000572539
0.000563403
0.000521112
0.0005143
0.000550166
0.000517165
0.00054609
0.000536896
0.000581585
0.000528796
0.000561017
0.000540066
0.000571813
0.000521333
0.000545122
0.000547539
0.000525379
0.000549121
0.00058107
0.000513448
0.000507303
0.000544896
0.000520661
0.000509327
0.000531931
0.000551979
0.000550296
0.000509833
0.000586371
0.000552794
0.000552298
0.000541882
0.000551954
0.000576775
0.000524432
0.000566727
0.000549171
0.000505932
0.000523159
0.000543732
0.000512565
0.00051038
0.000546765
0.000584917
0.000548257
0.000535126
0.000539056
0.000515788
0.000574151
0.000526881
0.000535472
0.000520319
0.000533053
0.000544712
0.000575879
0.000524728
0.000556109
0.000529102
0.000539966
0.000502214
0.000569155
0.000576707
0.000541208
0.000561659
0.00053302
0.000567588
0.000521206
0.000517433
0.000523766
0.000517609
0.000537042
0.000525692
0.000561527
0.000580697
0.000527939
0.000544842
0.000534676
0.000510465
0.000516686
0.000547539
0.0005616
0.000571624
0.000559764
0.000549625
0.000521007
0.000554702
0.00052533
0.000510207
0.000537692
0.000519659
0.000567678
0.000510263
0.000571397
0.000555883
0.000556322
0.000550948
0.000523593
0.000524632
0.000583749
0.000537736
0.000519059
0.000537369
0.000506927
0.00057451
0.000535557
0.000515132
0.000572466
0.000538806
0.000550611
0.00055216
0.000545542
0.00050754
0.000544038
0.000548561
0.00058099
0.000532938
0.000537388
0.000569942
0.000527138
0.000539027
0.000523633
0.000554056
0.000537857
0.000551953
0.00050792
0.000521353
0.000563752
0.000544834
0.000526418
0.000580626
0.000518305
0.00054612
0.000556884
0.000540736
0.000533155
0.000519841
0.000520893
0.000513947
0.000575835
0.000578828
0.000520396
0.000535058
0.000534261
0.000518929
0.000580147
0.00054356
0.000569609
0.000557118
0.000518919
0.000505816
0.000551934
0.000536277
0.000559356
0.000543218
0.000521823
0.000528318
0.000553192
0.000505209
0.000574771
0.000547565
0.00053072
0.000517799
0.000548062
0.000555523
0.000549764
0.000567337
0.000525551
0.000543744
0.000562087
0.00052507
0.000509415
0.000535146
0.000512525
0.00051631
0.000567466
0.000532292
0.000521056
0.000560644
0.000524353
0.000571343
0.000559918
0.000552732
0.000519152
0.000537121
0.000510759
0.000537851
0.000576116
0.000527494
0.000528317
0.000577415
0.00054184
0.000543222
0.000555755
0.000507145
0.00057104
0.00052222
0.000542595
0.000556058
0.000528233
0.000522471
0.000546353
0.000530677
0.00054401
0.000535907
0.000573068
0.000516333
0.000509382
0.000542963
0.000550085
0.000541105
0.000577854
0.000546603
0.000567577
0.000555112
0.000525595
0.000576178
0.000535403
0.000528561
0.00050693
0.000519875
0.000558099
0.000521085
0.000562837
0.000522958
0.000553049
0.000569409
0.000553762
0.000524803
0.000510578
0.00056737
0.000538752
0.000520755
0.00052196
0.000507962
0.000581941
0.000564037
0.000525736
0.000549934
0.000553054
0.000528416
0.00054996
0.000523929
0.000561387
0.000572494
0.000530524
0.000523969
0.000540718
0.00055601
0.000520157
0.000507274
0.000568919
0.00056367
0.000519074
0.00051181
0.00055496
0.000545277
0.000509505
0.000565865
0.000560068
0.0005289
0.000530952
0.000536503
0.000548899
0.000513978
0.000522327
0.00053
0.000545412
0.000515227
0.000563516
0.000566956
0.000545147
0.000570726
0.00050678
0.000524256
0.000523494
0.000524518
0.000559031
0.000543185
0.000533089
0.000568994
0.000531176
0.000520038
0.000507344
0.000570024
0.000530288
0.000530342
0.000554922
0.000518249
0.000560025
0.000569528
0.000537755
0.000563561
0.000572239
0.000536084
0.000507857
0.000537758
0.000521033
0.000539722
0.000547076
0.000518734
0.000561526
0.0005327
0.000520247
0.000512518
0.000529509
0.000517681
0.000549245
0.000570614
0.00058135
0.000548429
0.000557929
0.000522317
0.00055108
0.000539036
0.000568784
0.000573664
0.000529419
0.000525762
0.000529235
0.000543026
0.0005162
0.000535479
0.000552303
0.000541026
0.000513767
0.000517561
0.000512173
0.000578777
0.000565029
0.00054983
0.000535283
0.000565576
0.000531331
0.000528109
0.000540082
0.000512397
0.000584326
0.000561868
0.000519577
0.000526935
0.000552861
0.000513837
0.000512727
0.000528572
0.000572072
0.000547325
0.000567764
0.000545787
0.00056405
0.000510927
0.000530093
0.000520808
0.000532007
0.000530031
0.000516758
0.000564799
0.000557707
0.000557974
0.000562663
0.000510982
0.000548996
0.000553156
0.000532489
0.000551192
0.000572203
0.000511855
0.000537831
0.000514573
0.000523451
0.000565255
0.000531751
0.000552938
0.000507898
0.000555948
0.00056429
0.00052214
0.000522148
0.00055319
0.000538102
0.00056638
0.000529433
0.000516267
0.000512687
0.000556285
0.000527907
0.000541606
0.000554664
0.000521925
0.000579536
0.000533627
0.00057568
0.000541017
0.000572242
0.000508112
0.000557634
0.000549002
0.000534499
0.000518401
0.000559382
0.000537989
0.000512678
0.000534941
0.000543793
0.000513292
0.000577372
0.000540099
0.000509812
0.000555785
0.000539916
0.000567028
0.000531154
0.000517926
0.000534341
0.000552825
0.000501794
0.000536007
0.000571646
0.000554667
0.000527559
0.00053088
0.000569038
0.000572193
0.000566649
0.000521811
0.000525461
0.000550315
0.000509656
0.000548558
0.000550107
0.000520103
0.000561337
0.000553927
0.00058059
0.000537391
0.000559405
0.000548141
0.000534297
0.000525342
0.00051384
0.000543486
0.00051053
0.000529271
0.000545238
0.00050968
0.000533507
0.000528634
0.000570455
0.000515304
0.000554191
0.000541698
0.00057865
0.000534466
0.000546566
0.000511973
0.000522298
0.00052092
0.000567696
0.000567773
0.000555553
0.000515745
0.000561582
0.00055523
0.000530389
0.000569711
0.000538688
0.000543992
0.000513875
0.000576787
0.000528112
0.000513843
0.000522916
0.000579097
0.000514742
0.000534989
0.000516934
0.000519025
0.000564922
0.000547222
0.000540236
0.000548572
0.000536243
0.000555417
0.000524183
0.000526551
0.000555636
0.00054006
0.000550165
0.000506619
0.000570158
0.00051262
0.000560574
0.000565735
0.000535769
0.000517466
0.000552815
0.000559636
0.000542756
0.00057171
0.000530832
0.000509068
0.000514551
0.000521941
0.000512339
0.000569065
0.000536836
0.000540742
0.000518088
0.000524663
0.000541615
0.000571787
0.000565854
0.000553918
0.000511981
0.000574076
0.000526103
0.000554372
0.00053378
0.000529711
0.00051839
0.000521919
0.000572939
0.000537683
0.000543385
0.000519529
0.000515737
0.000576861
0.000528706
0.000557377
0.000553409
0.000573469
0.000515858
0.00054957
0.000525071
0.000517391
0.000546806
0.000564144
0.000556552
0.000560975
0.000516211
0.00054211
0.000541392
0.00056662
0.000564937
0.000522528
0.000531735
0.000517316
0.000533145
0.00051241
0.000567625
0.000538597
0.000559528
0.000579788
0.000546287
0.000533988
0.000526163
0.000561672
0.000552597
0.000517199
0.000520164
0.000516857
0.000542328
0.000559726
0.000529197
0.000512428
0.000548828
0.000567834
0.000510591
0.000521996
0.00054804
0.000576359
0.000521462
0.000568814
0.000565043
0.000508521
0.000542552
0.000571942
0.000512833
0.000532292
0.000554736
0.000527703
0.000524368
0.000515127
0.000575587
0.000535799
0.00053613
0.000561257
0.000553163
0.000512699
0.000515969
0.000553912
0.000540422
0.000573836
0.00053049
0.000537344
0.000536419
0.000513627
0.000553709
0.000535934
0.000581553
0.00050948
0.000532578
0.000563832
0.000538471
0.000586827
0.000559794
0.000538114
0.000511705
0.000547525
0.000519364
0.000530233
0.000530501
0.000570578
0.000511361
0.000510402
0.000581905
0.000547914
0.000546072
0.000515948
0.000539862
0.000553201
0.000533145
0.000510678
0.000573832
0.000520032
0.000551426
0.000537313
0.000537932
0.000553898
0.000555481
0.000542824
0.000525202
0.000518137
0.00053587
0.000573715
0.000561644
0.000570947
0.000509584
0.000538452
0.000551138
0.000525304
0.000515385
0.000545656
0.000576605
0.000551769
0.000540686
0.000517477
0.000509621
0.000520198
0.000527224
0.000579114
0.000541292
0.000528159
0.00053227
0.000550053
0.000572458
0.00052089
0.000549565
0.000536202
0.000541036
0.000573137
0.000511958
0.00052545
0.000577975
0.000573654
0.000523833
0.000536036
0.0005275
0.000509144
0.000551468
0.00055124
0.000532749
0.000510503
0.000518798
0.000537674
0.000569812
0.000543074
0.000509364
0.000554455
0.00055954
0.000562251
0.000534526
0.000506216
0.000544866
0.000574734
0.000564495
0.000511513
0.000530788
0.000525055
0.0005716
0.000543745
0.000530966
0.000569429
0.000516927
0.00052403
0.000561669
0.000511298
0.000531756
0.000536846
0.00056261
0.000557409
0.000529809
0.000523136
0.000527069
0.000556666
0.000566633
0.000551539
0.000532298
0.000560871
0.000573234
0.000515255
0.000518279
0.000530071
0.000566579
0.00054498
0.000520033
0.000583051
0.000526932
0.000563887
0.000531606
0.000540935
0.000516279
0.000575923
0.000560241
0.000510495
0.000541724
0.000512498
0.000524139
0.000524689
0.00054385
0.000553726
0.000557792
0.000546895
0.000519046
0.000559761
0.000518052
0.000506062
0.000575602
0.00054247
0.000567862
0.000533254
0.000544026
0.000511623
0.000577567
0.000561424
0.000531786
0.000517879
0.000560638
0.000558995
0.000536862
0.000545462
0.000508641
0.000578416
0.000531759
0.000543175
0.000507973
0.000511003
0.000549506
0.000559316
0.00057505
0.000521373
0.000531296
0.000565906
0.000531249
0.000539675
0.000511965
0.000543674
0.000558514
0.000574838
0.000537481
0.000508266
0.000524832
0.000534519
0.000542467
0.000548886
0.000570126
0.000556399
0.00053306
0.000518419
0.000516195
0.000521173
0.000579412
0.000569363
0.000519785
0.000542369
0.000510964
0.000553508
0.000520835
0.000540322
0.000578241
0.000548153
0.000528005
0.000540311
0.00057242
0.000511781
0.000564505
0.00054643
0.000511911
0.000537294
0.000518978
0.000546029
0.000561177
0.000560026
0.000521398
0.000522819
0.000575298
0.000544734
0.000543773
0.000526067
0.000515054
0.000563928
0.00054353
0.000513836
0.00055218
0.000535179
0.000507532
0.000566068
0.000533817
0.000568226
0.00054568
0.000550647
0.00052628
0.000549395
0.00052375
0.000509451
0.000538495
0.000572169
0.000538734
0.000534804
0.000551805
0.000524397
0.000560807
0.000545174
0.000552233
0.000575302
0.000534868
0.000520755
0.000514389
0.000545694
0.000531561
0.000556837
0.000515796
0.000574545
0.000556138
0.00055551
0.000529022
0.000526873
0.000509942
0.000525566
0.000523072
0.000573343
0.000530248
0.000512308
0.000532654
0.000564507
0.000535836
0.000520371
0.000551477
0.000562447
0.00053421
0.000571836
0.000522045
0.000517168
0.000509211
0.000574244
0.000513926
0.00055537
0.00056776
0.000549745
0.000534746
0.000545385
0.000539378
0.000533146
0.000523282
0.000548461
0.000574347
0.00053064
0.000540122
0.000525008
0.000545693
0.000578666
0.000507391