1.41680048
1.413367291
1.417384611
1.414173999
1.417989791
1.414458644
1.401913145
1.414979337
1.417910116
1.412691654
1.412343739
1.425579226
1.424138504
1.410255649
1.412345578
1.408750645
1.425105625
1.408351016
1.409208993
1.411942401
1.415688786
1.421893482
1.412519338
1.417191304
1.413749119
1.41677873
1.418204159
1.413444387
1.417179502
1.416247267
1.414512263
1.415333677
1.413291451
1.420705456
1.418680928
1.416148356
1.408984785
1.414428742
1.412733362
1.412661022
1.410640199
1.416522184
1.419073258
1.420812792
1.418078512
1.414362428
1.413508255
1.413766627
1.416776797
1.417768263
1.418246008
1.408788347
1.416922438
1.408048388
1.421563151
1.410716936
1.412237824
1.416499926
1.408494561
1.415001129
1.413733203
1.412017835
1.41035014
1.415017583
1.417192228
1.418645894
1.415257344
1.415135543
1.413926979
1.416441042
1.414729314
1.418005573
1.418704396
1.415249221
1.415077145
1.418510091
1.413212973
1.414522175
1.418780111
1.412321221
1.414012055
1.411693134
1.415574211
1.41194825
1.413079268
1.409667916
1.416014494
1.416108103
1.408549069
1.413481303
1.420976757
1.415577396
1.420852905
1.406841185
1.417905537
1.410305252
1.412358209
1.419722971
1.411235638
1.41525364