0.000541204
0.000540122
0.000540811
0.000540351
0.000543702
0.000542217
0.000541241
0.000541904
0.000541091
0.000540912
0.000541905
0.000541431
0.000542139
0.00054028
0.000541131
0.000539758
0.000541839
0.000539606
0.000539767
0.000541245
0.000541778
0.00054339
0.000542945
0.000541223
0.000540849
0.000540687
0.000541651
0.000540143
0.000540511
0.000540158
0.0005409
0.000539557
0.000542247
0.000542162
0.00054243
0.000540411
0.000540544
0.00053905
0.000538844
0.000538622
0.000539988
0.000540584
0.000542159
0.000539923
0.000540126
0.000542333
0.000539382
0.000540384
0.000539498
0.00054129
0.000542147
0.0005391
0.000541425
0.000539775
0.000542664
0.00054072
0.000540797
0.000540543
0.000539429
0.000540282
0.000540239
0.000540019
0.00054045
0.000539761
0.000542201
0.000542105
0.000541498
0.00053983
0.000539721
0.000540985
0.000540116
0.000540567
0.000542717
0.000541147
0.000540928
0.00054008
0.000541035
0.000541588
0.000540983
0.000540075
0.00054049
0.000540212
0.000542561
0.000542461
0.000540565
0.000541307
0.000541124
0.000540956
0.000539697
0.000542124
0.000541205
0.000541208
0.000541617
0.000540013
0.000540417
0.00053936
0.000540479
0.000540813
0.000540733
0.000540757