7506.468817
7483.056855
7519.716448
7488.73457
7504.497728
7491.120099
7440.430662
7491.244542
7490.485661
7488.756792
7502.639971
7548.302797
7509.923223
7472.824746
7477.304697
7470.999211
7537.897357
7474.833613
7475.419162
7490.051222
7514.080955
7518.528683
7491.520094
7502.32553
7490.165665
7481.627982
7507.216586
7480.643548
7508.478795
7502.886635
7498.133354
7500.107777
7505.332163
7513.624293
7508.034355
7518.588682
7474.20362
7496.851146
7493.20452
7493.834513
7488.53235
7484.769058
7486.110154
7524.033066
7524.78528
7494.41784
7499.32223
7472.401418
7506.964367
7520.755325
7529.78078
7475.013611
7494.864502
7479.324674
7518.089799
7483.774625
7515.767603
7474.898057
7481.145765
7512.947634
7505.193276
7484.470173
7502.147754
7526.986367
7503.366629
7502.435528
7506.606593
7501.042211
7517.564249
7522.128643
7500.045555
7499.655559
7486.590149
7510.377662
7519.393118
7498.941123
7508.857679
7464.078177
7515.196498
7511.877646
7499.163343
7481.701314
7495.492272
7471.995867
7502.081088
7455.220498
7496.437817
7492.92119
7482.054644
7482.230197
7520.576438
7494.412284
7517.30203
7480.795769
7523.185298
7489.810113
7476.07471
7491.904534
7488.757903
7483.68907